-0.656889
-0.656889
-0.656889
-0.656889
-0.656888
-0.656887
-0.656887
-0.656886
-0.656885
-0.656884
-0.656883
-0.656882
-0.65688
-0.656879
-0.656878
-0.656876
-0.656874
-0.656873
-0.65687
-0.656869
-0.656866
-0.656864
-0.656862
-0.656859
-0.656856
-0.656854
-0.656851
-0.656848
-0.656845
-0.655711
-0.655721
-0.65573
-0.65574
-0.655751
-0.655761
-0.655772
-0.655783
-0.655794
-0.655806
-0.655817
-0.65583
-0.655842
-0.655854
-0.655867
-0.65588
-0.655894
-0.655907
-0.655921
-0.655934
-0.655948
-0.655963
-0.655977
-0.655992
-0.656006
-0.656021
-0.656036
-0.656051
-0.656067
-0.656082
-0.656098
-0.656114
-0.65613
-0.656146
-0.656162
-0.656178
-0.656194
-0.656211
-0.656227
-0.656244
-0.65626
-0.656277
-0.656293
-0.65631
-0.656327
-0.656344
-0.656361
-0.656377
-0.656394
-0.656411
-0.656428
-0.656444
-0.656461
-0.656478
-0.656495
-0.656511
-0.656528
-0.656544
-0.656561
-0.656577
-0.656593
-0.656609
-0.656625
-0.65664
-0.656656
-0.656672
-0.656687
-0.656702
-0.656717
-0.656732
-0.656746
-0.65676
-0.656774
-0.656788
-0.656801
-0.656815
-0.656828
-0.65684
-0.656852
-0.656864
-0.656876
-0.656887
-0.656898
-0.656909
-0.656919
-0.656929
-0.656938
-0.656947
-0.656955
-0.656963
-0.656971
-0.656978
-0.656985
-0.656991
-0.656996
-0.657001
-0.657006
-0.65701
-0.657013
-0.657016
-0.657018
-0.65702
-0.657021
-0.657021
-0.657021
-0.65702
-0.657018
-0.657015
-0.657012
-0.657008
-0.657004
-0.656998
-0.656992
-0.656985
-0.656977
-0.656969
-0.656959
-0.656949
-0.656937
-0.656925
-0.655521
-0.655573
-0.655625
-0.655676
-0.655727
-0.655777
-0.655826
-0.655875
-0.655923
-0.65597
-0.656017
-0.656063
-0.656107
-0.656151
-0.656195
-0.656237
-0.656279
-0.656319
-0.656359
-0.656398
-0.656436
-0.656473
-0.656509
-0.656543
-0.656577
-0.65661
-0.656641
-0.656672
-0.656702
-0.65673
-0.656757
-0.656783
-0.656808
-0.656831
-0.656854
-0.656875
-0.656894
-0.656913
-0.65693
-0.656946
-0.65696
-0.656973
-0.656985
-0.656995
-0.657004
-0.657011
-0.657017
-0.657021
-0.657023
-0.657024
-0.657024
-0.657022
-0.657018
-0.657012
-0.657005
-0.656996
-0.656986
-0.656974
-0.656959
-0.656944
-0.655554
-0.655629
-0.655702
-0.655773
-0.655843
-0.655911
-0.655977
-0.656042
-0.656104
-0.656165
-0.656224
-0.656281
-0.656336
-0.65639
-0.656441
-0.65649
-0.656537
-0.656582
-0.656625
-0.656666
-0.656705
-0.656742
-0.656777
-0.656809
-0.656839
-0.656867
-0.656893
-0.656916
-0.656937
-0.656955
-0.656972
-0.656985
-0.656997
-0.657006
-0.657012
-0.657016
-0.657018
-0.657017
-0.657014
-0.657008
-0.656999
-0.656988
-0.656975
-0.656958
-0.656939
-0.656918
-0.656893
-0.655853
-0.655934
-0.656013
-0.656089
-0.656162
-0.656232
-0.656299
-0.656364
-0.656425
-0.656483
-0.656539
-0.656591
-0.65664
-0.656686
-0.65673
-0.65677
-0.656807
-0.65684
-0.656871
-0.656898
-0.656923
-0.656944
-0.656962
-0.656976
-0.656988
-0.656996
-0.657001
-0.657003
-0.657001
-0.656996
-0.656988
-0.656977
-0.656962
-0.656944
-0.656923
-0.656898
-0.65687
-0.656839
-0.656805
-0.656767
-0.65629
-0.656361
-0.656428
-0.656491
-0.65655
-0.656606
-0.656657
-0.656705
-0.656749
-0.65679
-0.656826
-0.656859
-0.656888
-0.656913
-0.656934
-0.656952
-0.656966
-0.656977
-0.656983
-0.656986
-0.656985
-0.656981
-0.656973
-0.656961
-0.656946
-0.656928
-0.656906
-0.65688
-0.656851
-0.656819
-0.656784
-0.656745
-0.656703
-0.656658
-0.656609
-0.656558
-0.656503
-0.656752
-0.656791
-0.656825
-0.656856
-0.656883
-0.656906
-0.656925
-0.656941
-0.656953
-0.656961
-0.656965
-0.656967
-0.656965
-0.656959
-0.656951
-0.656939
-0.656924
-0.656907
-0.656886
-0.656863
-0.656837
-0.656808
-0.656778
-0.656744
-0.656709
-0.656671
-0.656631
-0.65659
-0.656546
-0.656501
-0.656455
-0.656407
-0.656357
-0.656307
-0.655878
-0.655951
-0.656019
-0.656083
-0.656142
-0.656196
-0.656246
-0.656291
-0.656333
-0.656371
-0.656405
-0.656436
-0.656463
-0.656487
-0.656508
-0.656526
-0.656542
-0.656555
-0.656566
-0.656575
-0.656582
-0.656588
-0.656592
-0.656594
-0.656596
-0.656597
-0.656598
-0.656598
-0.656598
-0.656598
-0.656599
-0.6566
-0.656602
-0.656686
-0.656673
-0.656659
-0.656644
-0.656627
-0.65661
-0.656592
-0.656574
-0.656556
-0.656539
-0.656522
-0.656506
-0.656491
-0.656477
-0.656465
-0.656456
-0.656448
-0.656443
-0.656441
-0.656442
-0.656447
-0.656455
-0.656467
-0.656483
-0.656504
-0.65653
-0.656561
-0.656597
-0.656638
-0.656686
-0.65674
-0.656799
-0.656866
-0.65694
-0.65702
-0.65875
-0.658566
-0.658382
-0.6582
-0.658019
-0.657841
-0.657665
-0.657493
-0.657322
-0.657156
-0.656993
-0.656834
-0.656679
-0.65653
-0.656385
-0.656245
-0.656111
-0.655983
-0.655861
-0.655745
-0.655635
-0.655533
-0.655438
-0.655349
-0.655267
-0.655193
-0.655128
-0.655069
-0.65502
-0.654978
-0.654943
-0.654918
-0.6549
-0.654891
-0.65489
-0.654898
-0.654914
-0.654939
-0.654972
-0.655014
-0.655064
-0.664851
-0.664377
-0.663911
-0.663451
-0.662999
-0.662553
-0.662116
-0.661686
-0.661263
-0.660848
-0.660442
-0.660043
-0.659653
-0.659271
-0.658897
-0.658532
-0.658176
-0.657828
-0.657489
-0.657158
-0.656835
-0.656522
-0.656215
-0.655918
-0.655628
-0.655348
-0.655075
-0.65481
-0.654553
-0.654304
-0.654062
-0.653828
-0.653602
-0.653382
-0.65317
-0.652963
-0.652765
-0.652572
-0.652386
-0.652204
-0.652031
-0.651862
-0.651698
-0.65154
-0.651387
-0.651239
-0.651096
-0.650957
-0.650824
-0.650694
-0.650568
-0.650448
-0.65033
-0.650215
-0.650106
-0.649999
-0.649896
-0.649795
-0.649699
-0.649604
-0.649514
-0.649427
-0.649342
-0.64926
-0.64918
-0.649106
-0.649033
-0.648963
-0.648896
-0.648833
-0.648772
-0.648715
-0.648661
-0.64861
-0.648563
-0.64852
-0.648481
-0.648445
-0.648413
-0.648386
-0.648363
-0.648345
-0.648332
-0.648323
-0.648319
-0.648322
-0.648329
-0.648343
-0.648362
-0.648389
-0.648421
-0.64846
-0.648506
-0.648559
-0.648619
-0.648687
-0.648764
-0.648848
-0.648941
-0.649042
-0.649152
-0.649271
-0.649399
-0.649535
-0.649683
-0.649838
-0.650004
-0.65018
-0.650366
-0.650561
-0.650768
-0.650984
-0.651211
-0.651448
-0.651696
-0.651954
-0.652222
-0.652501
-0.65279
-0.65309
-0.6534
-0.65372
-0.654051
-0.654392
-0.654742
-0.655103
-0.655473
-0.655852
-0.656241
-0.656639
-0.657045
-0.657461
-0.657885
-0.648012
-0.64791
-0.647817
-0.647734
-0.64766
-0.647597
-0.647544
-0.647502
-0.647468
-0.647444
-0.64743
-0.647426
-0.647432
-0.647447
-0.647471
-0.647504
-0.647546
-0.647597
-0.647656
-0.647724
-0.6478
-0.647884
-0.647975
-0.648074
-0.64818
-0.648292
-0.648412
-0.648537
-0.648669
-0.648805
-0.648947
-0.649094
-0.649246
-0.649401
-0.649561
-0.649724
-0.64989
-0.650058
-0.650229
-0.650402
-0.650576
-0.648764
-0.648674
-0.648592
-0.648517
-0.64845
-0.648389
-0.648335
-0.648287
-0.648245
-0.648209
-0.648178
-0.648153
-0.648132
-0.648116
-0.648104
-0.648096
-0.648092
-0.648091
-0.648093
-0.648098
-0.648106
-0.648115
-0.648127
-0.64814
-0.648154
-0.648169
-0.648185
-0.648202
-0.648218
-0.648234
-0.64825
-0.648265
-0.648279
-0.648291
-0.648205
-0.648203
-0.648201
-0.6482
-0.648199
-0.648199
-0.648199
-0.648199
-0.648198
-0.648197
-0.648195
-0.648192
-0.648187
-0.648181
-0.648173
-0.648163
-0.648151
-0.648137
-0.64812
-0.6481
-0.648077
-0.648051
-0.648022
-0.647989
-0.647952
-0.647912
-0.647867
-0.647818
-0.647765
-0.647707
-0.647644
-0.647577
-0.647505
-0.647929
-0.647981
-0.648032
-0.648082
-0.64813
-0.648177
-0.648222
-0.648265
-0.648306
-0.648345
-0.648382
-0.648417
-0.648449
-0.648478
-0.648505
-0.648529
-0.648551
-0.648569
-0.648584
-0.648597
-0.648606
-0.648611
-0.648613
-0.648612
-0.648607
-0.648599
-0.648586
-0.64857
-0.64855
-0.648527
-0.648499
-0.648467
-0.648431
-0.648391
-0.64818
-0.648234
-0.648286
-0.648334
-0.648379
-0.648421
-0.648459
-0.648494
-0.648525
-0.648553
-0.648578
-0.648598
-0.648615
-0.648629
-0.648639
-0.648645
-0.648647
-0.648646
-0.648641
-0.648632
-0.648619
-0.648602
-0.648582
-0.648557
-0.648529
-0.648496
-0.64846
-0.64842
-0.648376
-0.648328
-0.648276
-0.648221
-0.648161
-0.648097
-0.648029
-0.647957
-0.648428
-0.648466
-0.648501
-0.648533
-0.648561
-0.648586
-0.648607
-0.648625
-0.648639
-0.64865
-0.648658
-0.648662
-0.648663
-0.64866
-0.648655
-0.648645
-0.648632
-0.648616
-0.648597
-0.648574
-0.648547
-0.648518
-0.648485
-0.648449
-0.64841
-0.648367
-0.648321
-0.648272
-0.64822
-0.648164
-0.648106
-0.648044
-0.647979
-0.647911
-0.647839
-0.647765
-0.647688
-0.647608
-0.647524
-0.648536
-0.648561
-0.648583
-0.648603
-0.648619
-0.648633
-0.648644
-0.648652
-0.648658
-0.648661
-0.648661
-0.648659
-0.648654
-0.648646
-0.648636
-0.648623
-0.648608
-0.64859
-0.648569
-0.648546
-0.648521
-0.648494
-0.648464
-0.648431
-0.648397
-0.64836
-0.64832
-0.648279
-0.648235
-0.648189
-0.64814
-0.64809
-0.648037
-0.647982
-0.647925
-0.647867
-0.647806
-0.647743
-0.647678
-0.647611
-0.647542
-0.647471
-0.647398
-0.647323
-0.647247
-0.647169
-0.648566
-0.648581
-0.648595
-0.648607
-0.648617
-0.648625
-0.648631
-0.648635
-0.648638
-0.648639
-0.648638
-0.648635
-0.648631
-0.648625
-0.648617
-0.648608
-0.648598
-0.648586
-0.648572
-0.648557
-0.64854
-0.648522
-0.648502
-0.64848
-0.648457
-0.648433
-0.648408
-0.648381
-0.648353
-0.648323
-0.648292
-0.648261
-0.648227
-0.648193
-0.648157
-0.64812
-0.648082
-0.648043
-0.648003
-0.647962
-0.647919
-0.647876
-0.647831
-0.647786
-0.647739
-0.647692
-0.647643
-0.647594
-0.647544
-0.647493
-0.647441
-0.647388
-0.647335
-0.647281
-0.647225
-0.647169
-0.647113
-0.648513
-0.648526
-0.648537
-0.648548
-0.648557
-0.648566
-0.648573
-0.64858
-0.648586
-0.648591
-0.648595
-0.648598
-0.6486
-0.648601
-0.648602
-0.648602
-0.648601
-0.648599
-0.648597
-0.648593
-0.64859
-0.648585
-0.64858
-0.648574
-0.648567
-0.64856
-0.648552
-0.648544
-0.648535
-0.648525
-0.648515
-0.648505
-0.648493
-0.648481
-0.648469
-0.648457
-0.648443
-0.64843
-0.648415
-0.648401
-0.648386
-0.64837
-0.648354
-0.648338
-0.648322
-0.648305
-0.648287
-0.64827
-0.648252
-0.648233
-0.648215
-0.648196
-0.648177
-0.648157
-0.648138
-0.648118
-0.648098
-0.648078
-0.648057
-0.648037
-0.648016
-0.647995
-0.647974
-0.647952
-0.647931
-0.647909
-0.647887
-0.647866
-0.647844
-0.647821
-0.647799
-0.647777
-0.647755
-0.647733
-0.647711
-0.647689
-0.647666
-0.647644
-0.647622
-0.6476
-0.647578
-0.647556
-0.647534
-0.647512
-0.64749
-0.647468
-0.647446
-0.647424
-0.647403
-0.647382
-0.64736
-0.647339
-0.647318
-0.647297
-0.647276
-0.648395
-0.648402
-0.648408
-0.648414
-0.64842
-0.648426
-0.648432
-0.648437
-0.648442
-0.648447
-0.648452
-0.648457
-0.648461
-0.648465
-0.648469
-0.648473
-0.648477
-0.64848
-0.648484
-0.648487
-0.64849
-0.648493
-0.648496
-0.648499
-0.648501
-0.648504
-0.648506
-0.648509
-0.648511
-0.648513
-0.648515
-0.648516
-0.648518
-0.64852
-0.648521
-0.648523
-0.648524
-0.648526
-0.648527
-0.648528
-0.648529
-0.64853
-0.648531
-0.648532
-0.648533
-0.648534
-0.648535
-0.648535
-0.648536
-0.648536
-0.648537
-0.648537
-0.648538
-0.648538
-0.648538
-0.648539
-0.648539
-0.648539
-0.64854
-0.64854
-0.64854
-0.64854
-0.64854
-0.64854
-0.64854
-0.64854
-0.64854
-0.64854
-0.648539
-0.648539
-0.648539
-0.648539
-0.648539
-0.648538
-0.648538
-0.648537
-0.648537
-0.648537
-0.648536
-0.648535
-0.648535
-0.648534
-0.648533
-0.648533
-0.648532
-0.648531
-0.64853
-0.648529
-0.648528
-0.648527
-0.648526
-0.648525
-0.648524
-0.648522
-0.648521
-0.648519
-0.648518
-0.648516
-0.648514
-0.648513
-0.64851
-0.648508
-0.648506
-0.648504
-0.648502
-0.648499
-0.648497
-0.648494
-0.648491
-0.648488
-0.648485
-0.648482
-0.648479
-0.648475
-0.648471
-0.648467
-0.648463
-0.648459
-0.648455
-0.64845
-0.648446
-0.648441
-0.648436
-0.64843
-0.648425
-0.64842
-0.648414
-0.648408
-0.648401
-0.648395
-0.648388
-0.647251
-0.647271
-0.647292
-0.647313
-0.647334
-0.647354
-0.647376
-0.647397
-0.647418
-0.64744
-0.647461
-0.647483
-0.647505
-0.647526
-0.647548
-0.64757
-0.647592
-0.647613
-0.647636
-0.647658
-0.64768
-0.647702
-0.647723
-0.647745
-0.647767
-0.647788
-0.64781
-0.647831
-0.647853
-0.647874
-0.647895
-0.647916
-0.647938
-0.647958
-0.647979
-0.648
-0.64802
-0.648041
-0.648061
-0.648081
-0.648101
-0.64812
-0.648139
-0.648158
-0.648177
-0.648195
-0.648213
-0.648231
-0.648249
-0.648266
-0.648283
-0.648299
-0.648315
-0.648331
-0.648347
-0.648361
-0.648376
-0.64839
-0.648404
-0.648417
-0.64843
-0.648442
-0.648454
-0.648465
-0.648476
-0.648486
-0.648496
-0.648505
-0.648513
-0.648521
-0.648528
-0.648535
-0.648541
-0.648546
-0.648551
-0.648555
-0.648558
-0.648561
-0.648562
-0.648564
-0.648564
-0.648563
-0.648562
-0.64856
-0.648557
-0.648553
-0.648549
-0.648543
-0.648537
-0.648529
-0.648521
-0.648512
-0.648501
-0.64849
-0.648478
-0.648465
-0.647085
-0.64714
-0.647196
-0.64725
-0.647304
-0.647356
-0.647409
-0.64746
-0.64751
-0.64756
-0.647608
-0.647655
-0.647702
-0.647748
-0.647792
-0.647836
-0.647878
-0.64792
-0.647961
-0.648
-0.648038
-0.648075
-0.648111
-0.648146
-0.64818
-0.648212
-0.648243
-0.648273
-0.648301
-0.648328
-0.648354
-0.648379
-0.648402
-0.648424
-0.648444
-0.648463
-0.648481
-0.648497
-0.648511
-0.648524
-0.648535
-0.648545
-0.648553
-0.64856
-0.648565
-0.648568
-0.64857
-0.64857
-0.648568
-0.648564
-0.648558
-0.648551
-0.648542
-0.648531
-0.648518
-0.648503
-0.648486
-0.647117
-0.647194
-0.647269
-0.647343
-0.647414
-0.647484
-0.647552
-0.647618
-0.647682
-0.647743
-0.647803
-0.647861
-0.647916
-0.64797
-0.648022
-0.648071
-0.648118
-0.648163
-0.648206
-0.648246
-0.648284
-0.64832
-0.648353
-0.648384
-0.648412
-0.648439
-0.648463
-0.648484
-0.648504
-0.64852
-0.648534
-0.648546
-0.648554
-0.648561
-0.648564
-0.648565
-0.648564
-0.64856
-0.648553
-0.648543
-0.648531
-0.648516
-0.648498
-0.648477
-0.648453
-0.648427
-0.647447
-0.647529
-0.647608
-0.647684
-0.647756
-0.647826
-0.647893
-0.647957
-0.648017
-0.648075
-0.648129
-0.64818
-0.648228
-0.648272
-0.648313
-0.648351
-0.648386
-0.648417
-0.648445
-0.64847
-0.648492
-0.64851
-0.648525
-0.648537
-0.648545
-0.64855
-0.648551
-0.648549
-0.648543
-0.648534
-0.648522
-0.648507
-0.648487
-0.648465
-0.648439
-0.64841
-0.648377
-0.648341
-0.648301
-0.647864
-0.647934
-0.648001
-0.648063
-0.648122
-0.648177
-0.648228
-0.648275
-0.648318
-0.648357
-0.648392
-0.648423
-0.64845
-0.648474
-0.648493
-0.648509
-0.648521
-0.648529
-0.648533
-0.648534
-0.64853
-0.648523
-0.648512
-0.648498
-0.64848
-0.648459
-0.648434
-0.648405
-0.648373
-0.648337
-0.648299
-0.648257
-0.648211
-0.648162
-0.648111
-0.648056
-0.648296
-0.648336
-0.648371
-0.648403
-0.64843
-0.648453
-0.648473
-0.648488
-0.6485
-0.648508
-0.648513
-0.648514
-0.648512
-0.648506
-0.648497
-0.648485
-0.648469
-0.648451
-0.64843
-0.648406
-0.648379
-0.64835
-0.648318
-0.648284
-0.648247
-0.648208
-0.648167
-0.648125
-0.64808
-0.648034
-0.647987
-0.647937
-0.647887
-0.647369
-0.647446
-0.647518
-0.647585
-0.647648
-0.647705
-0.647758
-0.647807
-0.647851
-0.647891
-0.647928
-0.647961
-0.64799
-0.648016
-0.648039
-0.648058
-0.648075
-0.64809
-0.648102
-0.648111
-0.648119
-0.648125
-0.64813
-0.648133
-0.648135
-0.648137
-0.648137
-0.648138
-0.648138
-0.648138
-0.648138
-0.648139
-0.648141
-0.648144
-0.64823
-0.648216
-0.6482
-0.648184
-0.648166
-0.648149
-0.648131
-0.648112
-0.648094
-0.648077
-0.648061
-0.648046
-0.648032
-0.64802
-0.64801
-0.648002
-0.647997
-0.647995
-0.647996
-0.648001
-0.648009
-0.648022
-0.648038
-0.64806
-0.648086
-0.648118
-0.648155
-0.648198
-0.648247
-0.648303
-0.648365
-0.648434
-0.648509
-0.648592
-0.650276
-0.650089
-0.649904
-0.649719
-0.649537
-0.649357
-0.649179
-0.649005
-0.648834
-0.648666
-0.648502
-0.648343
-0.648188
-0.648038
-0.647893
-0.647754
-0.64762
-0.647493
-0.647372
-0.647258
-0.647151
-0.64705
-0.646957
-0.646872
-0.646794
-0.646724
-0.646662
-0.646608
-0.646563
-0.646526
-0.646498
-0.646478
-0.646466
-0.646464
-0.646471
-0.646485
-0.64651
-0.646542
-0.646584
-0.646635
-0.656456
-0.655972
-0.655495
-0.655024
-0.654561
-0.654105
-0.653657
-0.653217
-0.652783
-0.652359
-0.651942
-0.651534
-0.651134
-0.650744
-0.650363
-0.649989
-0.649625
-0.64927
-0.648922
-0.648584
-0.648256
-0.647935
-0.647623
-0.64732
-0.647025
-0.646739
-0.646462
-0.646193
-0.645931
-0.645678
-0.645433
-0.645195
-0.644965
-0.644742
-0.644526
-0.644317
-0.644116
-0.643921
-0.643732
-0.64355
-0.643372
-0.643202
-0.643037
-0.642877
-0.642724
-0.642574
-0.64243
-0.64229
-0.642155
-0.642025
-0.641898
-0.641776
-0.641657
-0.641542
-0.641431
-0.641323
-0.641218
-0.641116
-0.641016
-0.64092
-0.640827
-0.640737
-0.640649
-0.640564
-0.640481
-0.640402
-0.640324
-0.64025
-0.640178
-0.64011
-0.640043
-0.63998
-0.63992
-0.639864
-0.63981
-0.63976
-0.639712
-0.639669
-0.63963
-0.639594
-0.639563
-0.639535
-0.639513
-0.639495
-0.639481
-0.639473
-0.63947
-0.639473
-0.639481
-0.639497
-0.639517
-0.639545
-0.639579
-0.639621
-0.639669
-0.639726
-0.63979
-0.639861
-0.639941
-0.640031
-0.640128
-0.640234
-0.640351
-0.640475
-0.64061
-0.640754
-0.640908
-0.641072
-0.641246
-0.641431
-0.641626
-0.641831
-0.642047
-0.642273
-0.642511
-0.642759
-0.643018
-0.643289
-0.64357
-0.643861
-0.644164
-0.644477
-0.6448
-0.645135
-0.64548
-0.645835
-0.6462
-0.646576
-0.646961
-0.647355
-0.647759
-0.648172
-0.648594
-0.649024
-0.639307
-0.639199
-0.639101
-0.639013
-0.638936
-0.638869
-0.638813
-0.638767
-0.638731
-0.638705
-0.638689
-0.638684
-0.638688
-0.638702
-0.638726
-0.638759
-0.638802
-0.638853
-0.638913
-0.638982
-0.639059
-0.639145
-0.639238
-0.639338
-0.639447
-0.639562
-0.639684
-0.639811
-0.639945
-0.640085
-0.64023
-0.64038
-0.640534
-0.640693
-0.640855
-0.641021
-0.64119
-0.641362
-0.641536
-0.641712
-0.640052
-0.639956
-0.639867
-0.639787
-0.639713
-0.639647
-0.639588
-0.639536
-0.63949
-0.63945
-0.639416
-0.639387
-0.639363
-0.639344
-0.63933
-0.63932
-0.639314
-0.639312
-0.639313
-0.639316
-0.639323
-0.639332
-0.639343
-0.639355
-0.639369
-0.639384
-0.6394
-0.639417
-0.639433
-0.63945
-0.639466
-0.639481
-0.639496
-0.639509
-0.639422
-0.639419
-0.639417
-0.639416
-0.639415
-0.639415
-0.639415
-0.639415
-0.639414
-0.639413
-0.639411
-0.639408
-0.639404
-0.639398
-0.63939
-0.63938
-0.639368
-0.639354
-0.639337
-0.639317
-0.639294
-0.639268
-0.639238
-0.639204
-0.639167
-0.639126
-0.639081
-0.639031
-0.638976
-0.638917
-0.638853
-0.638785
-0.63871
-0.639154
-0.639207
-0.639259
-0.639309
-0.639357
-0.639404
-0.63945
-0.639493
-0.639534
-0.639573
-0.63961
-0.639644
-0.639676
-0.639705
-0.639731
-0.639755
-0.639775
-0.639793
-0.639807
-0.639818
-0.639826
-0.63983
-0.639831
-0.639828
-0.639821
-0.639811
-0.639797
-0.639778
-0.639756
-0.63973
-0.6397
-0.639665
-0.639626
-0.639375
-0.639432
-0.639486
-0.639536
-0.639583
-0.639626
-0.639666
-0.639702
-0.639735
-0.639765
-0.63979
-0.639812
-0.63983
-0.639845
-0.639856
-0.639863
-0.639866
-0.639865
-0.63986
-0.639852
-0.639839
-0.639822
-0.639802
-0.639777
-0.639748
-0.639716
-0.639679
-0.639638
-0.639593
-0.639544
-0.639491
-0.639434
-0.639372
-0.639307
-0.639237
-0.639163
-0.639653
-0.639691
-0.639726
-0.639758
-0.639786
-0.63981
-0.63983
-0.639848
-0.639861
-0.639871
-0.639878
-0.639881
-0.63988
-0.639876
-0.639868
-0.639857
-0.639842
-0.639824
-0.639802
-0.639777
-0.639749
-0.639717
-0.639681
-0.639642
-0.6396
-0.639554
-0.639505
-0.639453
-0.639397
-0.639338
-0.639275
-0.639209
-0.63914
-0.639068
-0.638993
-0.638914
-0.638832
-0.638747
-0.639752
-0.639778
-0.6398
-0.63982
-0.639837
-0.639851
-0.639862
-0.639871
-0.639876
-0.639879
-0.639879
-0.639876
-0.63987
-0.639862
-0.639851
-0.639837
-0.63982
-0.639801
-0.63978
-0.639755
-0.639728
-0.639699
-0.639666
-0.639632
-0.639595
-0.639555
-0.639513
-0.639469
-0.639422
-0.639373
-0.639322
-0.639268
-0.639212
-0.639154
-0.639094
-0.639031
-0.638966
-0.638899
-0.638829
-0.638758
-0.638685
-0.63861
-0.638533
-0.638453
-0.639772
-0.63979
-0.639805
-0.639819
-0.63983
-0.63984
-0.639847
-0.639853
-0.639857
-0.639859
-0.639858
-0.639857
-0.639853
-0.639848
-0.639841
-0.639831
-0.639821
-0.639808
-0.639794
-0.639778
-0.639761
-0.639742
-0.639721
-0.639699
-0.639675
-0.63965
-0.639623
-0.639595
-0.639565
-0.639533
-0.6395
-0.639466
-0.639431
-0.639394
-0.639356
-0.639317
-0.639276
-0.639234
