-0.657017
-0.657017
-0.657017
-0.657017
-0.657017
-0.657017
-0.657017
-0.657017
-0.657017
-0.657017
-0.657017
-0.657017
-0.657017
-0.657017
-0.657017
-0.657017
-0.657017
-0.657017
-0.657017
-0.657017
-0.657017
-0.657017
-0.657017
-0.657017
-0.657017
-0.657017
-0.657017
-0.657017
-0.657017
-0.657016
-0.657016
-0.657016
-0.657016
-0.657016
-0.657016
-0.657016
-0.657016
-0.657016
-0.657016
-0.657016
-0.657016
-0.657016
-0.657016
-0.657016
-0.657016
-0.657016
-0.657016
-0.657016
-0.657016
-0.657016
-0.657016
-0.657016
-0.657016
-0.657016
-0.657016
-0.657016
-0.657016
-0.657016
-0.657016
-0.657016
-0.657016
-0.657016
-0.657016
-0.657016
-0.657016
-0.657016
-0.657016
-0.657016
-0.657016
-0.657016
-0.657016
-0.657016
-0.657016
-0.657016
-0.657016
-0.657016
-0.657016
-0.657016
-0.657016
-0.657016
-0.657016
-0.657016
-0.657016
-0.657016
-0.657016
-0.657016
-0.657015
-0.657015
-0.657015
-0.657015
-0.657015
-0.657015
-0.657015
-0.657015
-0.657015
-0.657015
-0.657015
-0.657015
-0.657015
-0.657015
-0.657015
-0.657015
-0.657015
-0.657015
-0.657015
-0.657015
-0.657015
-0.657014
-0.657014
-0.657014
-0.657014
-0.657014
-0.657014
-0.657014
-0.657014
-0.657014
-0.657014
-0.657014
-0.657014
-0.657014
-0.657014
-0.657013
-0.657013
-0.657013
-0.657013
-0.657013
-0.657013
-0.657013
-0.657013
-0.657013
-0.657013
-0.657013
-0.657012
-0.657012
-0.657012
-0.657012
-0.657012
-0.657012
-0.657012
-0.657012
-0.657012
-0.657011
-0.657011
-0.657011
-0.657011
-0.657011
-0.657011
-0.657011
-0.657011
-0.657009
-0.657009
-0.657009
-0.657009
-0.657009
-0.657009
-0.657009
-0.657009
-0.657009
-0.657009
-0.657009
-0.657009
-0.657008
-0.657008
-0.657008
-0.657008
-0.657008
-0.657008
-0.657008
-0.657008
-0.657008
-0.657008
-0.657007
-0.657007
-0.657007
-0.657007
-0.657007
-0.657007
-0.657007
-0.657006
-0.657006
-0.657006
-0.657006
-0.657006
-0.657006
-0.657006
-0.657005
-0.657005
-0.657005
-0.657005
-0.657005
-0.657005
-0.657004
-0.657004
-0.657004
-0.657004
-0.657004
-0.657004
-0.657003
-0.657003
-0.657003
-0.657003
-0.657003
-0.657002
-0.657002
-0.657002
-0.657002
-0.657002
-0.657002
-0.657001
-0.657
-0.657
-0.657
-0.657
-0.657
-0.656999
-0.656999
-0.656999
-0.656999
-0.656999
-0.656999
-0.656999
-0.656999
-0.656999
-0.656998
-0.656998
-0.656998
-0.656998
-0.656998
-0.656998
-0.656997
-0.656997
-0.656997
-0.656997
-0.656997
-0.656997
-0.656996
-0.656996
-0.656996
-0.656996
-0.656996
-0.656996
-0.656995
-0.656995
-0.656995
-0.656995
-0.656995
-0.656995
-0.656994
-0.656994
-0.656994
-0.656994
-0.656994
-0.656994
-0.656993
-0.656993
-0.656993
-0.656992
-0.656992
-0.656992
-0.656992
-0.656992
-0.656992
-0.656992
-0.656992
-0.656992
-0.656992
-0.656992
-0.656991
-0.656991
-0.656991
-0.656991
-0.656991
-0.656991
-0.656991
-0.656991
-0.656991
-0.656991
-0.656991
-0.656991
-0.656991
-0.65699
-0.65699
-0.65699
-0.65699
-0.65699
-0.65699
-0.65699
-0.65699
-0.65699
-0.65699
-0.65699
-0.65699
-0.65699
-0.65699
-0.65699
-0.65699
-0.65699
-0.65699
-0.65699
-0.65699
-0.656991
-0.656991
-0.656991
-0.656991
-0.656991
-0.656991
-0.656991
-0.656992
-0.656992
-0.656992
-0.656992
-0.656992
-0.656992
-0.656993
-0.656993
-0.656993
-0.656993
-0.656993
-0.656994
-0.656994
-0.656994
-0.656994
-0.656995
-0.656995
-0.656995
-0.656996
-0.656996
-0.656996
-0.656997
-0.656997
-0.656997
-0.656998
-0.656998
-0.656999
-0.656999
-0.656999
-0.657
-0.657
-0.657001
-0.657001
-0.657002
-0.657002
-0.657003
-0.657003
-0.657004
-0.657004
-0.657005
-0.657005
-0.657006
-0.657007
-0.657007
-0.657008
-0.657008
-0.657009
-0.65701
-0.65701
-0.657011
-0.657011
-0.657012
-0.657013
-0.657013
-0.657014
-0.657014
-0.657015
-0.657016
-0.657016
-0.657017
-0.657016
-0.657017
-0.657018
-0.657019
-0.65702
-0.65702
-0.657021
-0.657022
-0.657023
-0.657023
-0.657024
-0.657024
-0.657025
-0.657026
-0.657026
-0.657027
-0.657027
-0.657028
-0.657028
-0.657029
-0.657029
-0.657029
-0.65703
-0.65703
-0.65703
-0.65703
-0.65703
-0.65703
-0.657031
-0.657031
-0.65703
-0.65703
-0.65703
-0.65703
-0.65703
-0.657029
-0.657029
-0.657028
-0.657027
-0.657027
-0.657026
-0.657025
-0.657024
-0.657023
-0.657021
-0.65702
-0.657018
-0.657017
-0.657015
-0.657013
-0.657011
-0.657009
-0.657006
-0.657004
-0.657001
-0.656998
-0.656995
-0.656991
-0.656988
-0.656984
-0.65698
-0.656976
-0.656972
-0.656967
-0.656962
-0.656957
-0.656951
-0.656946
-0.656944
-0.656937
-0.65693
-0.656922
-0.656914
-0.656906
-0.656898
-0.656889
-0.65688
-0.656871
-0.656861
-0.656851
-0.65684
-0.656829
-0.656818
-0.656806
-0.656794
-0.656781
-0.656768
-0.656754
-0.65674
-0.656725
-0.65671
-0.656694
-0.656678
-0.656661
-0.656644
-0.656626
-0.656607
-0.656588
-0.656568
-0.656547
-0.656526
-0.656504
-0.656481
-0.656458
-0.656434
-0.656409
-0.656384
-0.656358
-0.656331
-0.656335
-0.656303
-0.656272
-0.656239
-0.656206
-0.656172
-0.656138
-0.656102
-0.656066
-0.65603
-0.655992
-0.655954
-0.655915
-0.655876
-0.655835
-0.655794
-0.655752
-0.655709
-0.655666
-0.655621
-0.655576
-0.65553
-0.655483
-0.655435
-0.655387
-0.655337
-0.655287
-0.655236
-0.655184
-0.655132
-0.655078
-0.655024
-0.654969
-0.654913
-0.654857
-0.654799
-0.654741
-0.654682
-0.654623
-0.654563
-0.654502
-0.65444
-0.654378
-0.654315
-0.654251
-0.654187
-0.654123
-0.654057
-0.653992
-0.653925
-0.653859
-0.653792
-0.653724
-0.653656
-0.653588
-0.653519
-0.65345
-0.65338
-0.653311
-0.653241
-0.653171
-0.653101
-0.65303
-0.65296
-0.652889
-0.652819
-0.652748
-0.652678
-0.652607
-0.652537
-0.652466
-0.652396
-0.652326
-0.652256
-0.652187
-0.652117
-0.652048
-0.65198
-0.651911
-0.651843
-0.651776
-0.651708
-0.651642
-0.651576
-0.65151
-0.651445
-0.65138
-0.651316
-0.651253
-0.65119
-0.651128
-0.651066
-0.651005
-0.650945
-0.650886
-0.650827
-0.650769
-0.650712
-0.650656
-0.650601
-0.650546
-0.650492
-0.650439
-0.650387
-0.650336
-0.650286
-0.650236
-0.650188
-0.65014
-0.650093
-0.650047
-0.650002
-0.649959
-0.649916
-0.649873
-0.649832
-0.649792
-0.649753
-0.649715
-0.649677
-0.649641
-0.649606
-0.649571
-0.649538
-0.649505
-0.649474
-0.649443
-0.649414
-0.649385
-0.649357
-0.649331
-0.649305
-0.649245
-0.649218
-0.649192
-0.649166
-0.649141
-0.649117
-0.649094
-0.649071
-0.649049
-0.649028
-0.649007
-0.648987
-0.648968
-0.648949
-0.648931
-0.648914
-0.648897
-0.648881
-0.648865
-0.64885
-0.648835
-0.648821
-0.648807
-0.648794
-0.648782
-0.64877
-0.648758
-0.648747
-0.648736
-0.648726
-0.648716
-0.648707
-0.648698
-0.64869
-0.648682
-0.648674
-0.648667
-0.64866
-0.648654
-0.648648
-0.648642
-0.648631
-0.648625
-0.64862
-0.648615
-0.64861
-0.648605
-0.6486
-0.648596
-0.648592
-0.648588
-0.648585
-0.648581
-0.648578
-0.648575
-0.648572
-0.64857
-0.648567
-0.648565
-0.648563
-0.648561
-0.648559
-0.648557
-0.648555
-0.648554
-0.648553
-0.648551
-0.64855
-0.648549
-0.648548
-0.648548
-0.648547
-0.648546
-0.648546
-0.648545
-0.648545
-0.648544
-0.648544
-0.648544
-0.648544
-0.648544
-0.648544
-0.648544
-0.648544
-0.648544
-0.648544
-0.648544
-0.648545
-0.648545
-0.648545
-0.648546
-0.648546
-0.648546
-0.648547
-0.648547
-0.648548
-0.648548
-0.648548
-0.648549
-0.648549
-0.64855
-0.64855
-0.648551
-0.648551
-0.648552
-0.648552
-0.648553
-0.648553
-0.648554
-0.648555
-0.648556
-0.648557
-0.648557
-0.648558
-0.648558
-0.648559
-0.64856
-0.64856
-0.648561
-0.648561
-0.648562
-0.648563
-0.648563
-0.648564
-0.648564
-0.648565
-0.648565
-0.648566
-0.648566
-0.648567
-0.648567
-0.648568
-0.648568
-0.648569
-0.648569
-0.64857
-0.64857
-0.64857
-0.648571
-0.648571
-0.648572
-0.648572
-0.648572
-0.648573
-0.648573
-0.648573
-0.648574
-0.648574
-0.648574
-0.648575
-0.648575
-0.648575
-0.648576
-0.648576
-0.648576
-0.648576
-0.648576
-0.648577
-0.648577
-0.648577
-0.648577
-0.648577
-0.648578
-0.648578
-0.648578
-0.648578
-0.648578
-0.648578
-0.648578
-0.648578
-0.648579
-0.648579
-0.648579
-0.648579
-0.648579
-0.648579
-0.648579
-0.648579
-0.648579
-0.648579
-0.648579
-0.648579
-0.648579
-0.648579
-0.648579
-0.648579
-0.648579
-0.648579
-0.648579
-0.648579
-0.648579
-0.648579
-0.648579
-0.648579
-0.648579
-0.648579
-0.648579
-0.648578
-0.648578
-0.648578
-0.648578
-0.648578
-0.648578
-0.648578
-0.648578
-0.648578
-0.648577
-0.648577
-0.648577
-0.648577
-0.648577
-0.648577
-0.648576
-0.648576
-0.648576
-0.648576
-0.648575
-0.648576
-0.648576
-0.648576
-0.648576
-0.648575
-0.648575
-0.648575
-0.648575
-0.648575
-0.648575
-0.648574
-0.648574
-0.648574
-0.648574
-0.648574
-0.648574
-0.648573
-0.648573
-0.648573
-0.648573
-0.648573
-0.648572
-0.648572
-0.648572
-0.648572
-0.648572
-0.648571
-0.648571
-0.648571
-0.648571
-0.648571
-0.64857
-0.64857
-0.64857
-0.64857
-0.648569
-0.648569
-0.648569
-0.648569
-0.648568
-0.648568
-0.648568
-0.648567
-0.648567
-0.648567
-0.648566
-0.648568
-0.648568
-0.648567
-0.648567
-0.648567
-0.648567
-0.648567
-0.648566
-0.648566
-0.648566
-0.648566
-0.648566
-0.648566
-0.648565
-0.648565
-0.648565
-0.648565
-0.648565
-0.648565
-0.648564
-0.648564
-0.648564
-0.648564
-0.648564
-0.648563
-0.648563
-0.648563
-0.648563
-0.648563
-0.648563
-0.648562
-0.648562
-0.648562
-0.648562
-0.648562
-0.648562
-0.648561
-0.648561
-0.648561
-0.648561
-0.648561
-0.648561
-0.64856
-0.64856
-0.64856
-0.64856
-0.64856
-0.648559
-0.648559
-0.648559
-0.648559
-0.648559
-0.648558
-0.648558
-0.648558
-0.648558
-0.648557
-0.648559
-0.648559
-0.648559
-0.648558
-0.648558
-0.648558
-0.648558
-0.648558
-0.648558
-0.648558
-0.648558
-0.648558
-0.648557
-0.648557
-0.648557
-0.648557
-0.648557
-0.648557
-0.648557
-0.648557
-0.648557
-0.648557
-0.648556
-0.648556
-0.648556
-0.648556
-0.648556
-0.648556
-0.648556
-0.648556
-0.648556
-0.648556
-0.648556
-0.648556
-0.648556
-0.648555
-0.648555
-0.648555
-0.648555
-0.648555
-0.648555
-0.648555
-0.648555
-0.648555
-0.648555
-0.648555
-0.648555
-0.648555
-0.648555
-0.648555
-0.648554
-0.648554
-0.648554
-0.648554
-0.648554
-0.648554
-0.648554
-0.648554
-0.648554
-0.648554
-0.648554
-0.648554
-0.648554
-0.648554
-0.648554
-0.648554
-0.648554
-0.648554
-0.648553
-0.648553
-0.648553
-0.648553
-0.648553
-0.648553
-0.648553
-0.648553
-0.648553
-0.648553
-0.648553
-0.648553
-0.648553
-0.648553
-0.648553
-0.648553
-0.648553
-0.648553
-0.648553
-0.648553
-0.648552
-0.648552
-0.648552
-0.648552
-0.648552
-0.648552
-0.648552
-0.648552
-0.648553
-0.648553
-0.648553
-0.648553
-0.648553
-0.648553
-0.648553
-0.648553
-0.648553
-0.648553
-0.648553
-0.648553
-0.648553
-0.648553
-0.648553
-0.648553
-0.648553
-0.648553
-0.648553
-0.648553
-0.648553
-0.648553
-0.648553
-0.648553
-0.648553
-0.648553
-0.648553
-0.648553
-0.648553
-0.648554
-0.648554
-0.648554
-0.648554
-0.648554
-0.648554
-0.648554
-0.648554
-0.648554
-0.648554
-0.648554
-0.648554
-0.648554
-0.648554
-0.648554
-0.648554
-0.648554
-0.648554
-0.648554
-0.648554
-0.648554
-0.648554
-0.648554
-0.648554
-0.648554
-0.648554
-0.648554
-0.648554
-0.648554
-0.648554
-0.648554
-0.648554
-0.648554
-0.648554
-0.648554
-0.648554
-0.648554
-0.648554
-0.648554
-0.648554
-0.648554
-0.648554
-0.648554
-0.648554
-0.648554
-0.648554
-0.648554
-0.648554
-0.648554
-0.648554
-0.648554
-0.648554
-0.648554
-0.648554
-0.648555
-0.648555
-0.648555
-0.648555
-0.648555
-0.648555
-0.648555
-0.648555
-0.648555
-0.648555
-0.648555
-0.648555
-0.648555
-0.648555
-0.648555
-0.648555
-0.648555
-0.648555
-0.648555
-0.648555
-0.648555
-0.648555
-0.648555
-0.648555
-0.648555
-0.648555
-0.648555
-0.648555
-0.648555
-0.648555
-0.648555
-0.648555
-0.648555
-0.648555
-0.648555
-0.648555
-0.648555
-0.648555
-0.648555
-0.648555
-0.648555
-0.648555
-0.648555
-0.648555
-0.648555
-0.648555
-0.648555
-0.648554
-0.648554
-0.648554
-0.648554
-0.648554
-0.648554
-0.648554
-0.648554
-0.648554
-0.648554
-0.648554
-0.648554
-0.648554
-0.648554
-0.648554
-0.648554
-0.648554
-0.648554
-0.648554
-0.648554
-0.648554
-0.648554
-0.648554
-0.648554
-0.648554
-0.648554
-0.648554
-0.648554
-0.648554
-0.648554
-0.648554
-0.648554
-0.648554
-0.648554
-0.648554
-0.648554
-0.648554
-0.648554
-0.648554
-0.648554
-0.648554
-0.648554
-0.648554
-0.648554
-0.648554
-0.648554
-0.648554
-0.648554
-0.648554
-0.648553
-0.648553
-0.648553
-0.648553
-0.648553
-0.648553
-0.648553
-0.648553
-0.648553
-0.648553
-0.648553
-0.648553
-0.648553
-0.648553
-0.648553
-0.648553
-0.648552
-0.648552
-0.648552
-0.648552
-0.648552
-0.648552
-0.648552
-0.648552
-0.648552
-0.648552
-0.648552
-0.648552
-0.648551
-0.648551
-0.648551
-0.648551
-0.648551
-0.648551
-0.648551
-0.648551
-0.648551
-0.648551
-0.64855
-0.64855
-0.64855
-0.64855
-0.64855
-0.64855
-0.64855
-0.64855
-0.64855
-0.648548
-0.648548
-0.648548
-0.648548
-0.648548
-0.648548
-0.648548
-0.648548
-0.648548
-0.648548
-0.648548
-0.648547
-0.648547
-0.648547
-0.648547
-0.648547
-0.648547
-0.648547
-0.648547
-0.648547
-0.648547
-0.648546
-0.648546
-0.648546
-0.648546
-0.648546
-0.648546
-0.648546
-0.648545
-0.648545
-0.648545
-0.648545
-0.648545
-0.648545
-0.648545
-0.648544
-0.648544
-0.648544
-0.648544
-0.648544
-0.648544
-0.648543
-0.648543
-0.648543
-0.648543
-0.648543
-0.648542
-0.648542
-0.648542
-0.648542
-0.648542
-0.648542
-0.648541
-0.648541
-0.648541
-0.648541
-0.648541
-0.648539
-0.648539
-0.648539
-0.648539
-0.648539
-0.648539
-0.648539
-0.648539
-0.648538
-0.648538
-0.648538
-0.648538
-0.648538
-0.648538
-0.648538
-0.648538
-0.648537
-0.648537
-0.648537
-0.648537
-0.648537
-0.648537
-0.648536
-0.648536
-0.648536
-0.648536
-0.648536
-0.648536
-0.648535
-0.648535
-0.648535
-0.648535
-0.648535
-0.648534
-0.648534
-0.648534
-0.648534
-0.648534
-0.648534
-0.648533
-0.648533
-0.648533
-0.648533
-0.648533
-0.648533
-0.648533
-0.648532
-0.648532
-0.648532
-0.648531
-0.648531
-0.648531
-0.648531
-0.648531
-0.648531
-0.648531
-0.648531
-0.648531
-0.648531
-0.648531
-0.648531
-0.648531
-0.648531
-0.64853
-0.64853
-0.64853
-0.64853
-0.64853
-0.64853
-0.64853
-0.64853
-0.64853
-0.64853
-0.64853
-0.64853
-0.64853
-0.64853
-0.64853
-0.64853
-0.64853
-0.64853
-0.64853
-0.64853
-0.64853
-0.64853
-0.64853
-0.64853
-0.64853
-0.64853
-0.64853
-0.64853
-0.648531
-0.648531
-0.648531
-0.648531
-0.648531
-0.648531
-0.648531
-0.648532
-0.648532
-0.648532
-0.648532
-0.648532
-0.648532
-0.648533
-0.648533
-0.648533
-0.648533
-0.648534
-0.648534
-0.648534
-0.648535
-0.648535
-0.648535
-0.648535
-0.648536
-0.648536
-0.648536
-0.648537
-0.648537
-0.648538
-0.648538
-0.648538
-0.648539
-0.648539
-0.64854
-0.64854
-0.648541
-0.648541
-0.648542
-0.648542
-0.648543
-0.648543
-0.648544
-0.648544
-0.648545
-0.648546
-0.648546
-0.648547
-0.648547
-0.648548
-0.648548
-0.648549
-0.64855
-0.64855
-0.648551
-0.648551
-0.648552
-0.648553
-0.648553
-0.648554
-0.648555
-0.648555
-0.648556
-0.648555
-0.648556
-0.648557
-0.648558
-0.648558
-0.648559
-0.64856
-0.648561
-0.648561
-0.648562
-0.648563
-0.648563
-0.648564
-0.648565
-0.648565
-0.648566
-0.648566
-0.648567
-0.648567
-0.648567
-0.648568
-0.648568
-0.648569
-0.648569
-0.648569
-0.648569
-0.648569
-0.64857
-0.64857
-0.64857
-0.64857
-0.64857
-0.648569
-0.648569
-0.648569
-0.648568
-0.648568
-0.648567
-0.648567
-0.648566
-0.648565
-0.648564
-0.648563
-0.648562
-0.648561
-0.648559
-0.648558
-0.648556
-0.648555
-0.648553
-0.648551
-0.648548
-0.648546
-0.648543
-0.648541
-0.648538
-0.648534
-0.648531
-0.648528
-0.648524
-0.64852
-0.648516
-0.648511
-0.648507
-0.648502
-0.648497
-0.648491
-0.648485
-0.648484
-0.648477
-0.648469
-0.648462
-0.648454
-0.648446
-0.648437
-0.648428
-0.648419
-0.64841
-0.6484
-0.648389
-0.648379
-0.648368
-0.648356
-0.648344
-0.648332
-0.648319
-0.648306
-0.648292
-0.648277
-0.648262
-0.648247
-0.648231
-0.648214
-0.648197
-0.648179
-0.648161
-0.648142
-0.648122
-0.648102
-0.648081
-0.648059
-0.648037
-0.648014
-0.64799
-0.647966
-0.64794
-0.647914
-0.647887
-0.647892
-0.647861
-0.647829
-0.647797
-0.647763
-0.64773
-0.647695
-0.64766
-0.647624
-0.647587
-0.64755
-0.647512
-0.647473
-0.647433
-0.647392
-0.647351
-0.647308
-0.647265
-0.647221
-0.647177
-0.647131
-0.647085
-0.647037
-0.646989
-0.64694
-0.64689
-0.646839
-0.646788
-0.646735
-0.646682
-0.646628
-0.646573
-0.646517
-0.64646
-0.646403
-0.646344
-0.646285
-0.646225
-0.646165
-0.646103
-0.646041
-0.645978
-0.645915
-0.645851
-0.645786
-0.64572
-0.645654
-0.645587
-0.64552
-0.645452
-0.645384
-0.645315
-0.645245
-0.645176
-0.645105
-0.645035
-0.644964
-0.644892
-0.644821
-0.644749
-0.644677
-0.644605
-0.644532
-0.644459
-0.644387
-0.644314
-0.644241
-0.644168
-0.644095
-0.644022
-0.64395
-0.643877
-0.643805
-0.643732
-0.64366
-0.643588
-0.643517
-0.643446
-0.643375
-0.643304
-0.643234
-0.643164
-0.643095
-0.643026
-0.642958
-0.64289
-0.642823
-0.642757
-0.642691
-0.642625
-0.642561
-0.642497
-0.642433
-0.642371
-0.642309
-0.642248
-0.642188
-0.642128
-0.64207
-0.642012
-0.641955
-0.641899
-0.641843
-0.641789
-0.641735
-0.641683
-0.641631
-0.64158
-0.641531
-0.641482
-0.641434
-0.641387
-0.641341
-0.641296
-0.641252
-0.641209
-0.641166
-0.641125
-0.641085
-0.641046
-0.641008
-0.640971
-0.640935
-0.640899
-0.640865
-0.640832
-0.6408
-0.640769
-0.640738
-0.640709
-0.640681
-0.640654
-0.640627
-0.640568
-0.640541
-0.640514
-0.640488
-0.640463
-0.640439
-0.640415
-0.640392
-0.64037
-0.640348
-0.640328
-0.640307
-0.640288
-0.640269
-0.640251
-0.640233
-0.640216
-0.640199
-0.640184
-0.640168
-0.640154
-0.640139
-0.640126
-0.640113
-0.6401
-0.640088
-0.640076
-0.640065
-0.640054
-0.640044
-0.640035
-0.640025
-0.640016
-0.640008
-0.64
-0.639992
-0.639985
-0.639978
-0.639972
-0.639966
-0.63996
-0.63995
-0.639944
-0.639938
-0.639933
-0.639928
-0.639923
-0.639919
-0.639915
-0.639911
-0.639907
-0.639903
-0.6399
-0.639897
-0.639894
-0.639891
-0.639888
-0.639886
-0.639884
-0.639882
-0.63988
-0.639878
-0.639876
-0.639875
-0.639873
-0.639872
-0.639871
-0.63987
-0.639869
-0.639868
-0.639867
-0.639867
-0.639866
-0.639865
-0.639865
-0.639865
-0.639864
-0.639864
-0.639864
-0.639864
-0.639864
-0.639864
-0.639864
-0.639864
-0.639864
-0.639864
-0.639865
-0.639865
-0.639865
-0.639865
-0.639866
-0.639866
-0.639867
-0.639867
-0.639867
-0.639868
-0.639868
-0.639869
-0.639869
-0.63987
-0.63987
-0.639871
-0.639871
-0.639872
-0.639872
-0.639872
-0.639873
-0.639874
-0.639875
-0.639876
-0.639876
-0.639877
-0.639878
-0.639878
-0.639879
-0.63988
-0.63988
-0.639881
-0.639881
-0.639882
-0.639882
-0.639883
-0.639884
-0.639884
-0.639885
-0.639885
-0.639886
-0.639886
-0.639887
-0.639887
-0.639888
-0.639888
-0.639889
-0.639889
-0.639889
-0.63989
-0.63989
-0.639891
-0.639891
-0.639891
-0.639892
-0.639892
-0.639892
-0.639893
-0.639893
-0.639893
-0.639894
-0.639894
-0.639894
-0.639895
-0.639895
-0.639895
-0.639895
-0.639896
-0.639896
-0.639896
-0.639896
-0.639897
-0.639897
-0.639897
-0.639897
-0.639897
-0.639897
-0.639898
-0.639898
-0.639898
-0.639898
-0.639898
-0.639898
-0.639898
-0.639898
-0.639898
-0.639898
-0.639898
-0.639898
-0.639898
-0.639899
-0.639899
-0.639899
-0.639899
-0.639899
-0.639899
-0.639899
-0.639899
-0.639899
-0.639899
-0.639899
-0.639898
-0.639898
-0.639898
-0.639898
-0.639898
-0.639898
-0.639898
-0.639898
-0.639898
-0.639898
-0.639898
-0.639898
-0.639898
-0.639897
-0.639897
-0.639897
-0.639897
-0.639897
-0.639897
-0.639897
-0.639896
-0.639896
-0.639896
-0.639896
-0.639895
-0.639895
-0.639895
-0.639896
-0.639895
-0.639895
-0.639895
-0.639895
-0.639895
-0.639895
-0.639894
-0.639894
-0.639894
-0.639894
-0.639894
-0.639894
-0.639893
-0.639893
-0.639893
-0.639893
-0.639893
-0.639893
-0.639892
-0.639892
-0.639892
-0.639892
-0.639892
-0.639891
-0.639891
-0.639891
-0.639891
-0.639891
-0.63989
-0.63989
-0.63989
-0.63989
-0.639889
-0.639889
-0.639889
-0.639889
-0.639888
-0.639888
-0.639888
-0.639888
-0.639887
-0.639887
-0.639887
-0.639886
-0.639887
-0.639887
-0.639887
-0.639887
-0.639887
-0.639887
-0.639886
-0.639886
-0.639886
-0.639886
-0.639886
-0.639885
-0.639885
-0.639885
-0.639885
-0.639885
-0.639885
-0.639884
-0.639884
-0.639884
-0.639884
-0.639884
-0.639884
-0.639883
-0.639883
-0.639883
-0.639883
-0.639883
-0.639883
-0.639882
-0.639882
-0.639882
-0.639882
-0.639882
-0.639882
-0.639881
-0.639881
-0.639881
-0.639881
