# Time	Pos	PotentialE	KineticE	TotalE
0.000000	1.300000	-0.656892	0.000003	-0.656889
0.010000	1.299860	-0.657187	0.000304	-0.656883
0.020000	1.299510	-0.657973	0.001107	-0.656866
0.030000	1.298920	-0.658134	0.002413	-0.655721
0.040000	1.298120	-0.660053	0.004223	-0.655830
0.050000	1.297090	-0.662505	0.006542	-0.655963
0.060000	1.295830	-0.665488	0.009374	-0.656114
0.070000	1.294350	-0.669001	0.012724	-0.656277
0.080000	1.292640	-0.673044	0.016600	-0.656444
0.090000	1.290710	-0.677616	0.021007	-0.656609
0.100000	1.288540	-0.682713	0.025953	-0.656760
0.110000	1.286150	-0.688333	0.031446	-0.656887
0.120000	1.283530	-0.694473	0.037495	-0.656978
0.130000	1.280680	-0.701127	0.044107	-0.657020
0.140000	1.277590	-0.708289	0.051291	-0.656998
0.150000	1.274270	-0.714626	0.059053	-0.655573
0.160000	1.270720	-0.723457	0.067394	-0.656063
0.170000	1.266930	-0.732805	0.076332	-0.656473
0.180000	1.262910	-0.742655	0.085871	-0.656783
0.190000	1.258640	-0.752987	0.096014	-0.656973
0.200000	1.254140	-0.763780	0.106758	-0.657022
0.210000	1.249410	-0.773728	0.118099	-0.655629
0.220000	1.244430	-0.786306	0.130025	-0.656281
0.230000	1.239210	-0.799269	0.142528	-0.656742
0.240000	1.233750	-0.812567	0.155582	-0.656985
0.250000	1.228060	-0.826142	0.169154	-0.656988
0.260000	1.222120	-0.839362	0.183200	-0.656162
0.270000	1.215950	-0.854388	0.197659	-0.656730
0.280000	1.209550	-0.869436	0.212449	-0.656988
0.290000	1.202920	-0.884392	0.227469	-0.656923
0.300000	1.196060	-0.899154	0.242604	-0.656550
0.310000	1.188990	-0.914616	0.257682	-0.656934
0.320000	1.181710	-0.929450	0.272503	-0.656946
0.330000	1.174230	-0.943457	0.286848	-0.656609
0.340000	1.166560	-0.957362	0.300421	-0.656941
0.350000	1.158730	-0.969773	0.312866	-0.656907
0.360000	1.150740	-0.980418	0.323828	-0.656590
0.370000	1.142630	-0.989027	0.332944	-0.656083
0.380000	1.134420	-0.996054	0.339567	-0.656487
0.390000	1.126150	-0.999617	0.343023	-0.656594
0.400000	1.117850	-0.999476	0.342790	-0.656686
0.410000	1.109580	-0.994913	0.338391	-0.656522
0.420000	1.101390	-0.985504	0.329057	-0.656447
0.430000	1.093340	-0.971209	0.314469	-0.656740
0.440000	1.085510	-0.952556	0.294715	-0.657841
0.450000	1.077960	-0.925489	0.269244	-0.656245
0.460000	1.070800	-0.893418	0.238224	-0.655193
0.470000	1.064120	-0.857583	0.202685	-0.654898
0.480000	1.058020	-0.827829	0.164830	-0.662999
0.490000	1.052580	-0.785040	0.126144	-0.658897
0.500000	1.047910	-0.743812	0.088184	-0.655628
0.510000	1.044110	-0.707063	0.053893	-0.653170
0.520000	1.041250	-0.677595	0.026208	-0.651387
0.530000	1.039420	-0.657788	0.007682	-0.650106
0.540000	1.038660	-0.649304	0.000124	-0.649180
0.550000	1.038980	-0.652886	0.004323	-0.648563
0.560000	1.040380	-0.668238	0.019919	-0.648319
0.570000	1.042830	-0.694077	0.045458	-0.648619
0.580000	1.046270	-0.728295	0.078613	-0.649683
0.590000	1.050620	-0.768218	0.116522	-0.651696
0.600000	1.055790	-0.810912	0.156170	-0.654742
0.610000	1.061670	-0.842921	0.195012	-0.647910
0.620000	1.068170	-0.879986	0.232560	-0.647426
0.630000	1.075200	-0.913864	0.265980	-0.647884
0.640000	1.082660	-0.943121	0.294026	-0.649094
0.650000	1.090450	-0.964794	0.316030	-0.648764
0.660000	1.098490	-0.980949	0.332771	-0.648178
0.670000	1.106700	-0.992181	0.344076	-0.648106
0.680000	1.115030	-0.998456	0.350206	-0.648250
0.690000	1.123400	-0.999975	0.351776	-0.648199
0.700000	1.131770	-0.997594	0.349443	-0.648151
0.710000	1.140090	-0.991560	0.343693	-0.647867
0.720000	1.148320	-0.983223	0.335141	-0.648082
0.730000	1.156440	-0.973030	0.324551	-0.648478
0.740000	1.164420	-0.960938	0.312326	-0.648612
0.750000	1.172240	-0.947230	0.298839	-0.648391
0.760000	1.179870	-0.933002	0.284449	-0.648553
0.770000	1.187320	-0.918126	0.269494	-0.648632
0.780000	1.194550	-0.902539	0.254211	-0.648328
0.790000	1.201570	-0.887342	0.238809	-0.648533
0.800000	1.208370	-0.872139	0.223478	-0.648660
0.810000	1.214940	-0.856796	0.208347	-0.648449
0.820000	1.221280	-0.841432	0.193522	-0.647911
0.830000	1.227390	-0.827712	0.179092	-0.648619
0.840000	1.233260	-0.813762	0.165127	-0.648636
0.850000	1.238880	-0.800069	0.151672	-0.648397
0.860000	1.244270	-0.786692	0.138766	-0.647925
0.870000	1.249420	-0.773684	0.126436	-0.647247
0.880000	1.254330	-0.763331	0.114693	-0.648638
0.890000	1.259000	-0.752119	0.103547	-0.648572
0.900000	1.263440	-0.741360	0.093008	-0.648353
0.910000	1.267630	-0.731078	0.083075	-0.648003
0.920000	1.271590	-0.721292	0.073748	-0.647544
0.930000	1.275320	-0.713545	0.065019	-0.648526
0.940000	1.278810	-0.705471	0.056873	-0.648598
0.950000	1.282060	-0.697894	0.049308	-0.648585
0.960000	1.285090	-0.690823	0.042318	-0.648505
0.970000	1.287880	-0.684264	0.035894	-0.648370
0.980000	1.290450	-0.678222	0.030026	-0.648196
0.990000	1.292790	-0.672701	0.024706	-0.647995
1.000000	1.294900	-0.667702	0.019925	-0.647777
1.010000	1.296780	-0.663230	0.015675	-0.647556
1.020000	1.298440	-0.659286	0.011947	-0.647339
1.030000	1.299870	-0.657164	0.008733	-0.648432
1.040000	1.301080	-0.654503	0.006026	-0.648477
1.050000	1.302070	-0.652331	0.003825	-0.648506
1.060000	1.302840	-0.650649	0.002124	-0.648524
1.070000	1.303380	-0.649456	0.000922	-0.648535
1.080000	1.303690	-0.648754	0.000214	-0.648539
1.090000	1.303790	-0.648541	0.000001	-0.648540
1.100000	1.303670	-0.648819	0.000282	-0.648537
1.110000	1.303320	-0.649586	0.001056	-0.648530
1.120000	1.302750	-0.650844	0.002326	-0.648518
1.130000	1.301950	-0.652592	0.004095	-0.648497
1.140000	1.300940	-0.654828	0.006365	-0.648463
1.150000	1.299700	-0.657554	0.009140	-0.648414
1.160000	1.298230	-0.659778	0.012424	-0.647354
1.170000	1.296550	-0.663792	0.016222	-0.647570
1.180000	1.294630	-0.668332	0.020544	-0.647788
1.190000	1.292490	-0.673397	0.025397	-0.648000
1.200000	1.290130	-0.678986	0.030791	-0.648195
1.210000	1.287530	-0.685095	0.036734	-0.648361
1.220000	1.284710	-0.691721	0.043235	-0.648486
1.230000	1.281650	-0.698857	0.050302	-0.648555
1.240000	1.278360	-0.706498	0.057945	-0.648553
1.250000	1.274840	-0.714635	0.066171	-0.648465
1.260000	1.271090	-0.722539	0.074979	-0.647560
1.270000	1.267100	-0.732388	0.084388	-0.648000
1.280000	1.262880	-0.742731	0.094403	-0.648328
1.290000	1.258410	-0.753548	0.105024	-0.648524
1.300000	1.253710	-0.764815	0.116251	-0.648564
1.310000	1.248770	-0.775344	0.128075	-0.647269
1.320000	1.243590	-0.788400	0.140484	-0.647916
1.330000	1.238170	-0.801819	0.153466	-0.648353
1.340000	1.232510	-0.815547	0.166993	-0.648554
1.350000	1.226620	-0.829523	0.181025	-0.648498
1.360000	1.220480	-0.843407	0.195514	-0.647893
1.370000	1.214110	-0.858773	0.210387	-0.648386
1.380000	1.207510	-0.874106	0.225555	-0.648551
1.390000	1.200680	-0.889283	0.240906	-0.648377
1.400000	1.193630	-0.904582	0.256308	-0.648275
1.410000	1.186370	-0.920093	0.271564	-0.648529
1.420000	1.178890	-0.934868	0.286463	-0.648405
1.430000	1.171230	-0.949097	0.300761	-0.648336
1.440000	1.163380	-0.962619	0.314105	-0.648514
1.450000	1.155380	-0.974489	0.326140	-0.648350
1.460000	1.147230	-0.984422	0.336484	-0.647937
1.470000	1.138970	-0.992572	0.344721	-0.647851
1.480000	1.130620	-0.998142	0.350040	-0.648102
1.490000	1.122230	-0.999999	0.351861	-0.648138
1.500000	1.113840	-0.997864	0.349697	-0.648166
1.510000	1.105500	-0.990857	0.342847	-0.648010
1.520000	1.097270	-0.978834	0.330748	-0.648086
1.530000	1.089220	-0.963466	0.313190	-0.650276
1.540000	1.081420	-0.938717	0.290215	-0.648502
1.550000	1.073960	-0.908333	0.261182	-0.647151
1.560000	1.066930	-0.873367	0.226870	-0.646498
1.570000	1.060440	-0.845151	0.188695	-0.656456
1.580000	1.054580	-0.801427	0.149485	-0.651942
1.590000	1.049450	-0.757861	0.109605	-0.648256
1.600000	1.045150	-0.717421	0.071988	-0.645433
1.610000	1.041780	-0.683112	0.039739	-0.643372
1.620000	1.039410	-0.657659	0.015761	-0.641898
1.630000	1.038110	-0.643184	0.002357	-0.640827
1.640000	1.037910	-0.640929	0.000886	-0.640043
1.650000	1.038820	-0.651112	0.011548	-0.639563
1.660000	1.040810	-0.672865	0.033348	-0.639517
1.670000	1.043840	-0.704377	0.064249	-0.640128
1.680000	1.047830	-0.743106	0.101480	-0.641626
1.690000	1.052710	-0.786093	0.141929	-0.644164
1.700000	1.058360	-0.830292	0.182533	-0.647759
1.710000	1.064670	-0.860759	0.221947	-0.638813
1.720000	1.071570	-0.897160	0.258358	-0.638802
1.730000	1.078940	-0.929396	0.289712	-0.639684
1.740000	1.086700	-0.956237	0.315047	-0.641190
1.750000	1.094740	-0.974075	0.334486	-0.639588
1.760000	1.102990	-0.987747	0.348433	-0.639314
1.770000	1.111380	-0.996318	0.356918	-0.639400
1.780000	1.119840	-0.999803	0.360386	-0.639417
1.790000	1.128320	-0.999037	0.359633	-0.639404
1.800000	1.136770	-0.994387	0.355149	-0.639238
1.810000	1.145150	-0.986211	0.347501	-0.638710
1.820000	1.153420	-0.977077	0.337504	-0.639573
1.830000	1.161560	-0.965495	0.325676	-0.639818
1.840000	1.169550	-0.952141	0.312411	-0.639730
1.850000	1.177360	-0.937742	0.298076	-0.639666
1.860000	1.184990	-0.922913	0.283048	-0.639866
1.870000	1.192410	-0.907273	0.267594	-0.639679
1.880000	1.199610	-0.891591	0.251938	-0.639653
1.890000	1.206600	-0.876168	0.236290	-0.639878
1.900000	1.213360	-0.860545	0.220796	-0.639749
1.910000	1.219890	-0.844849	0.205574	-0.639275
1.920000	1.226190	-0.830522	0.190722	-0.639800
1.930000	1.232250	-0.816186	0.176316	-0.639870
1.940000	1.238070	-0.802077	0.162411	-0.639666
1.950000	1.243650	-0.788260	0.149047	-0.639212
1.960000	1.248990	-0.774790	0.136257	-0.638533
1.970000	1.254090	-0.763910	0.124054	-0.639857
1.980000	1.258950	-0.752244	0.112450	-0.639794
1.990000	1.263580	-0.741020	0.101455	-0.639565
