0.505
0.51005
0.51515
0.520302
0.525505
0.53076
0.536068
0.541428
0.546843
0.552311
0.557834
0.563412
0.569047
0.574737
0.580484
0.586289
0.592152
0.598074
0.604054
0.610095
0.616196
0.622358
0.628582
0.634867
0.641216
0.647628
0.654104
0.660645
0.667252
0.673924
0.680664
0.68747
0.694345
0.701289
0.708301
0.715385
0.722538
0.729764
0.737061
0.744432
0.751876
0.759395
0.766989
0.774659
0.782405
0.79023
0.798132
0.806113
0.814174
0.822316
0.830539
0.838845
0.847233
0.855705
0.864262
0.872905
0.881634
0.89045
0.899355
0.908349
0.917432
0.926606
0.935872
0.945231
0.954684
0.96423
0.973873
0.983611
0.993448
1.00338
