# Time	Pos	PotentialE	KineticE	TotalE
0.000000	1.299999	-0.657019	0.000003	-0.657017
0.001000	1.299996	-0.657027	0.000010	-0.657017
0.002000	1.299990	-0.657039	0.000023	-0.657017
0.003000	1.299982	-0.657057	0.000040	-0.657017
0.004000	1.299972	-0.657079	0.000063	-0.657016
0.005000	1.299960	-0.657107	0.000090	-0.657016
0.006000	1.299945	-0.657139	0.000123	-0.657016
0.007000	1.299929	-0.657177	0.000161	-0.657016
0.008000	1.299910	-0.657219	0.000203	-0.657016
0.009000	1.299888	-0.657267	0.000251	-0.657016
0.010000	1.299865	-0.657320	0.000304	-0.657016
0.011000	1.299839	-0.657377	0.000361	-0.657016
0.012000	1.299811	-0.657440	0.000424	-0.657016
0.013000	1.299781	-0.657508	0.000492	-0.657016
0.014000	1.299749	-0.657580	0.000565	-0.657016
0.015000	1.299714	-0.657658	0.000643	-0.657016
0.016000	1.299677	-0.657741	0.000725	-0.657016
0.017000	1.299638	-0.657829	0.000813	-0.657016
0.018000	1.299596	-0.657922	0.000906	-0.657015
0.019000	1.299553	-0.658019	0.001004	-0.657015
0.020000	1.299507	-0.658122	0.001107	-0.657015
0.021000	1.299459	-0.658230	0.001215	-0.657015
0.022000	1.299408	-0.658343	0.001328	-0.657015
0.023000	1.299356	-0.658461	0.001446	-0.657015
0.024000	1.299301	-0.658584	0.001570	-0.657015
0.025000	1.299244	-0.658712	0.001698	-0.657015
0.026000	1.299184	-0.658846	0.001831	-0.657015
0.027000	1.299123	-0.658984	0.001969	-0.657015
0.028000	1.299059	-0.659127	0.002113	-0.657014
0.029000	1.298993	-0.659275	0.002261	-0.657014
0.030000	1.298925	-0.659429	0.002415	-0.657014
0.031000	1.298854	-0.659587	0.002573	-0.657014
0.032000	1.298781	-0.659751	0.002737	-0.657014
0.033000	1.298706	-0.659919	0.002905	-0.657014
0.034000	1.298629	-0.660093	0.003079	-0.657014
0.035000	1.298549	-0.660271	0.003258	-0.657013
0.036000	1.298468	-0.660455	0.003442	-0.657013
0.037000	1.298383	-0.660644	0.003631	-0.657013
0.038000	1.298297	-0.660838	0.003825	-0.657013
0.039000	1.298209	-0.661037	0.004024	-0.657013
0.040000	1.298118	-0.661241	0.004228	-0.657013
0.041000	1.298025	-0.661451	0.004438	-0.657013
0.042000	1.297930	-0.661665	0.004652	-0.657013
0.043000	1.297832	-0.661884	0.004872	-0.657013
0.044000	1.297732	-0.662109	0.005096	-0.657012
0.045000	1.297630	-0.662338	0.005326	-0.657012
0.046000	1.297526	-0.662573	0.005561	-0.657012
0.047000	1.297419	-0.662813	0.005801	-0.657012
0.048000	1.297310	-0.663058	0.006046	-0.657012
0.049000	1.297199	-0.663308	0.006297	-0.657012
0.050000	1.297086	-0.663564	0.006552	-0.657012
0.051000	1.296971	-0.663824	0.006812	-0.657012
0.052000	1.296853	-0.664089	0.007078	-0.657011
0.053000	1.296733	-0.664360	0.007349	-0.657011
0.054000	1.296611	-0.664636	0.007625	-0.657011
0.055000	1.296486	-0.664917	0.007906	-0.657011
0.056000	1.296359	-0.665203	0.008192	-0.657011
0.057000	1.296230	-0.665495	0.008484	-0.657011
0.058000	1.296099	-0.665791	0.008781	-0.657011
0.059000	1.295965	-0.666093	0.009082	-0.657011
0.060000	1.295829	-0.666400	0.009389	-0.657011
0.061000	1.295691	-0.666712	0.009702	-0.657011
0.062000	1.295551	-0.667030	0.010019	-0.657010
0.063000	1.295408	-0.667352	0.010342	-0.657010
0.064000	1.295263	-0.667679	0.010670	-0.657010
0.065000	1.295116	-0.668012	0.011003	-0.657010
0.066000	1.294967	-0.668350	0.011341	-0.657010
0.067000	1.294815	-0.668694	0.011684	-0.657009
0.068000	1.294661	-0.669042	0.012033	-0.657009
0.069000	1.294505	-0.669396	0.012387	-0.657009
0.070000	1.294347	-0.669755	0.012746	-0.657009
0.071000	1.294186	-0.670119	0.013111	-0.657009
0.072000	1.294023	-0.670489	0.013480	-0.657009
0.073000	1.293857	-0.670864	0.013855	-0.657009
0.074000	1.293690	-0.671244	0.014235	-0.657009
0.075000	1.293520	-0.671630	0.014621	-0.657009
0.076000	1.293348	-0.672021	0.015012	-0.657009
0.077000	1.293173	-0.672417	0.015408	-0.657009
0.078000	1.292996	-0.672819	0.015809	-0.657009
0.079000	1.292817	-0.673226	0.016216	-0.657010
0.080000	1.292636	-0.673638	0.016628	-0.657010
0.081000	1.292452	-0.674055	0.017045	-0.657010
0.082000	1.292267	-0.674478	0.017468	-0.657010
0.083000	1.292078	-0.674906	0.017896	-0.657010
0.084000	1.291888	-0.675339	0.018329	-0.657011
0.085000	1.291695	-0.675778	0.018767	-0.657011
0.086000	1.291501	-0.676222	0.019211	-0.657011
0.087000	1.291303	-0.676672	0.019661	-0.657011
0.088000	1.291104	-0.677126	0.020115	-0.657011
0.089000	1.290902	-0.677587	0.020576	-0.657011
0.090000	1.290698	-0.678052	0.021041	-0.657011
0.091000	1.290492	-0.678523	0.021512	-0.657011
0.092000	1.290283	-0.679000	0.021988	-0.657011
0.093000	1.290072	-0.679481	0.022470	-0.657012
0.094000	1.289859	-0.679968	0.022957	-0.657012
0.095000	1.289644	-0.680461	0.023449	-0.657012
0.096000	1.289426	-0.680959	0.023947	-0.657012
0.097000	1.289206	-0.681462	0.024450	-0.657012
0.098000	1.288983	-0.681971	0.024959	-0.657012
0.099000	1.288759	-0.682486	0.025473	-0.657012
0.100000	1.288532	-0.683005	0.025993	-0.657012
0.101000	1.288303	-0.683531	0.026518	-0.657012
0.102000	1.288071	-0.684061	0.027049	-0.657012
0.103000	1.287838	-0.684597	0.027585	-0.657012
0.104000	1.287601	-0.685139	0.028127	-0.657013
0.105000	1.287363	-0.685686	0.028674	-0.657013
0.106000	1.287122	-0.686239	0.029226	-0.657013
0.107000	1.286879	-0.686797	0.029784	-0.657013
0.108000	1.286634	-0.687361	0.030348	-0.657013
0.109000	1.286387	-0.687930	0.030917	-0.657013
0.110000	1.286137	-0.688505	0.031492	-0.657013
0.111000	1.285885	-0.689085	0.032072	-0.657013
0.112000	1.285630	-0.689672	0.032658	-0.657013
0.113000	1.285373	-0.690263	0.033249	-0.657014
0.114000	1.285114	-0.690860	0.033846	-0.657014
0.115000	1.284853	-0.691463	0.034449	-0.657014
0.116000	1.284589	-0.692071	0.035057	-0.657014
0.117000	1.284323	-0.692685	0.035671	-0.657014
0.118000	1.284055	-0.693304	0.036290	-0.657014
0.119000	1.283784	-0.693929	0.036915	-0.657014
0.120000	1.283511	-0.694560	0.037546	-0.657014
0.121000	1.283236	-0.695196	0.038182	-0.657014
0.122000	1.282959	-0.695838	0.038824	-0.657014
0.123000	1.282679	-0.696486	0.039471	-0.657015
0.124000	1.282397	-0.697139	0.040124	-0.657015
0.125000	1.282112	-0.697798	0.040783	-0.657015
0.126000	1.281825	-0.698463	0.041448	-0.657015
0.127000	1.281536	-0.699133	0.042118	-0.657015
0.128000	1.281245	-0.699809	0.042794	-0.657015
0.129000	1.280951	-0.700491	0.043475	-0.657015
0.130000	1.280655	-0.701178	0.044163	-0.657015
0.131000	1.280357	-0.701871	0.044856	-0.657015
0.132000	1.280056	-0.702570	0.045554	-0.657016
0.133000	1.279753	-0.703274	0.046259	-0.657016
0.134000	1.279447	-0.703985	0.046969	-0.657016
0.135000	1.279140	-0.704701	0.047685	-0.657016
0.136000	1.278830	-0.705423	0.048407	-0.657016
0.137000	1.278517	-0.706150	0.049134	-0.657016
0.138000	1.278203	-0.706884	0.049867	-0.657016
0.139000	1.277886	-0.707623	0.050606	-0.657016
0.140000	1.277566	-0.708368	0.051351	-0.657017
0.141000	1.277245	-0.709118	0.052102	-0.657016
0.142000	1.276921	-0.709875	0.052858	-0.657017
0.143000	1.276594	-0.710637	0.053620	-0.657016
0.144000	1.276266	-0.711405	0.054388	-0.657017
0.145000	1.275935	-0.712179	0.055162	-0.657017
0.146000	1.275601	-0.712959	0.055942	-0.657017
0.147000	1.275266	-0.713744	0.056728	-0.657017
0.148000	1.274927	-0.714536	0.057519	-0.657017
0.149000	1.274587	-0.715333	0.058316	-0.657017
0.150000	1.274244	-0.716136	0.059119	-0.657017
0.151000	1.273899	-0.716945	0.059929	-0.657017
0.152000	1.273552	-0.717760	0.060743	-0.657017
0.153000	1.273202	-0.718581	0.061564	-0.657017
0.154000	1.272850	-0.719408	0.062391	-0.657017
0.155000	1.272496	-0.720240	0.063223	-0.657017
0.156000	1.272139	-0.721079	0.064062	-0.657017
0.157000	1.271780	-0.721924	0.064906	-0.657017
0.158000	1.271418	-0.722774	0.065757	-0.657017
0.159000	1.271055	-0.723630	0.066613	-0.657017
0.160000	1.270688	-0.724492	0.067475	-0.657017
0.161000	1.270320	-0.725361	0.068343	-0.657017
0.162000	1.269949	-0.726235	0.069217	-0.657017
0.163000	1.269576	-0.727115	0.070097	-0.657017
0.164000	1.269200	-0.728001	0.070983	-0.657017
0.165000	1.268822	-0.728893	0.071875	-0.657017
0.166000	1.268442	-0.729791	0.072773	-0.657017
0.167000	1.268059	-0.730694	0.073677	-0.657017
0.168000	1.267674	-0.731604	0.074587	-0.657017
0.169000	1.267287	-0.732520	0.075503	-0.657017
0.170000	1.266897	-0.733442	0.076424	-0.657017
0.171000	1.266505	-0.734370	0.077352	-0.657018
0.172000	1.266110	-0.735303	0.078286	-0.657017
0.173000	1.265713	-0.736243	0.079226	-0.657018
0.174000	1.265314	-0.737189	0.080172	-0.657017
0.175000	1.264912	-0.738141	0.081123	-0.657018
0.176000	1.264508	-0.739099	0.082081	-0.657017
0.177000	1.264102	-0.740063	0.083045	-0.657018
0.178000	1.263693	-0.741033	0.084015	-0.657018
0.179000	1.263282	-0.742008	0.084991	-0.657018
0.180000	1.262869	-0.742990	0.085973	-0.657018
0.181000	1.262453	-0.743978	0.086960	-0.657018
0.182000	1.262035	-0.744972	0.087954	-0.657018
0.183000	1.261614	-0.745972	0.088954	-0.657018
0.184000	1.261191	-0.746978	0.089960	-0.657018
0.185000	1.260766	-0.747989	0.090972	-0.657017
0.186000	1.260338	-0.749007	0.091990	-0.657017
0.187000	1.259908	-0.750031	0.093014	-0.657017
0.188000	1.259475	-0.751061	0.094044	-0.657017
0.189000	1.259040	-0.752097	0.095080	-0.657017
0.190000	1.258603	-0.753139	0.096122	-0.657017
0.191000	1.258164	-0.754188	0.097170	-0.657017
0.192000	1.257722	-0.755242	0.098224	-0.657017
0.193000	1.257277	-0.756302	0.099284	-0.657017
0.194000	1.256830	-0.757368	0.100350	-0.657017
0.195000	1.256381	-0.758440	0.101423	-0.657017
0.196000	1.255930	-0.759518	0.102501	-0.657017
0.197000	1.255476	-0.760602	0.103585	-0.657017
0.198000	1.255019	-0.761692	0.104675	-0.657017
0.199000	1.254561	-0.762788	0.105771	-0.657017
0.200000	1.254099	-0.763890	0.106873	-0.657017
0.201000	1.253636	-0.764998	0.107981	-0.657017
0.202000	1.253170	-0.766112	0.109095	-0.657017
0.203000	1.252702	-0.767232	0.110215	-0.657017
0.204000	1.252231	-0.768358	0.111341	-0.657017
0.205000	1.251758	-0.769490	0.112473	-0.657017
0.206000	1.251283	-0.770628	0.113611	-0.657017
0.207000	1.250805	-0.771772	0.114755	-0.657017
0.208000	1.250324	-0.772922	0.115904	-0.657017
0.209000	1.249842	-0.774077	0.117060	-0.657017
0.210000	1.249357	-0.775239	0.118222	-0.657017
0.211000	1.248869	-0.776406	0.119389	-0.657017
0.212000	1.248379	-0.777579	0.120562	-0.657017
0.213000	1.247887	-0.778759	0.121742	-0.657017
0.214000	1.247393	-0.779943	0.122927	-0.657017
0.215000	1.246896	-0.781134	0.124117	-0.657017
0.216000	1.246396	-0.782331	0.125314	-0.657017
0.217000	1.245894	-0.783533	0.126517	-0.657017
0.218000	1.245390	-0.784742	0.127725	-0.657017
0.219000	1.244883	-0.785956	0.128939	-0.657017
0.220000	1.244374	-0.787176	0.130159	-0.657017
0.221000	1.243863	-0.788401	0.131384	-0.657017
0.222000	1.243349	-0.789632	0.132616	-0.657017
0.223000	1.242833	-0.790869	0.133852	-0.657017
0.224000	1.242314	-0.792112	0.135095	-0.657017
0.225000	1.241794	-0.793360	0.136343	-0.657017
0.226000	1.241270	-0.794614	0.137597	-0.657016
0.227000	1.240744	-0.795873	0.138857	-0.657016
0.228000	1.240216	-0.797139	0.140122	-0.657017
0.229000	1.239686	-0.798409	0.141393	-0.657017
0.230000	1.239153	-0.799686	0.142669	-0.657017
0.231000	1.238617	-0.800967	0.143951	-0.657017
0.232000	1.238079	-0.802255	0.145238	-0.657017
0.233000	1.237539	-0.803547	0.146531	-0.657017
0.234000	1.236997	-0.804845	0.147829	-0.657017
0.235000	1.236452	-0.806149	0.149132	-0.657017
0.236000	1.235905	-0.807458	0.150441	-0.657016
0.237000	1.235355	-0.808772	0.151755	-0.657016
0.238000	1.234803	-0.810091	0.153075	-0.657016
0.239000	1.234248	-0.811416	0.154400	-0.657016
0.240000	1.233691	-0.812746	0.155730	-0.657016
0.241000	1.233132	-0.814081	0.157065	-0.657016
0.242000	1.232570	-0.815421	0.158405	-0.657016
0.243000	1.232006	-0.816767	0.159750	-0.657017
0.244000	1.231440	-0.818117	0.161101	-0.657017
0.245000	1.230871	-0.819473	0.162456	-0.657017
0.246000	1.230300	-0.820833	0.163817	-0.657017
0.247000	1.229726	-0.822199	0.165182	-0.657017
0.248000	1.229150	-0.823569	0.166552	-0.657017
0.249000	1.228572	-0.824944	0.167927	-0.657017
0.250000	1.227991	-0.826324	0.169307	-0.657017
0.251000	1.227408	-0.827708	0.170691	-0.657017
0.252000	1.226822	-0.829098	0.172081	-0.657017
0.253000	1.226235	-0.830491	0.173475	-0.657017
0.254000	1.225644	-0.831890	0.174873	-0.657017
0.255000	1.225052	-0.833293	0.176276	-0.657017
0.256000	1.224457	-0.834700	0.177683	-0.657017
0.257000	1.223860	-0.836112	0.179095	-0.657017
0.258000	1.223260	-0.837528	0.180511	-0.657017
0.259000	1.222658	-0.838948	0.181931	-0.657017
0.260000	1.222054	-0.840373	0.183356	-0.657017
0.261000	1.221447	-0.841802	0.184784	-0.657017
0.262000	1.220838	-0.843234	0.186217	-0.657017
0.263000	1.220226	-0.844671	0.187654	-0.657017
0.264000	1.219612	-0.846112	0.189094	-0.657017
0.265000	1.218996	-0.847556	0.190539	-0.657017
0.266000	1.218378	-0.849004	0.191987	-0.657017
0.267000	1.217757	-0.850456	0.193439	-0.657017
0.268000	1.217134	-0.851912	0.194894	-0.657017
0.269000	1.216508	-0.853370	0.196353	-0.657017
0.270000	1.215880	-0.854833	0.197815	-0.657018
0.271000	1.215250	-0.856299	0.199281	-0.657018
0.272000	1.214618	-0.857768	0.200750	-0.657018
0.273000	1.213983	-0.859240	0.202222	-0.657018
0.274000	1.213346	-0.860715	0.203697	-0.657018
0.275000	1.212706	-0.862193	0.205175	-0.657018
0.276000	1.212064	-0.863674	0.206656	-0.657018
0.277000	1.211420	-0.865158	0.208140	-0.657018
0.278000	1.210774	-0.866645	0.209626	-0.657018
0.279000	1.210125	-0.868134	0.211115	-0.657018
0.280000	1.209474	-0.869625	0.212607	-0.657018
0.281000	1.208821	-0.871119	0.214101	-0.657019
0.282000	1.208165	-0.872615	0.215596	-0.657019
0.283000	1.207508	-0.874113	0.217095	-0.657019
0.284000	1.206847	-0.875613	0.218595	-0.657019
0.285000	1.206185	-0.877115	0.220096	-0.657019
0.286000	1.205520	-0.878619	0.221600	-0.657019
0.287000	1.204854	-0.880124	0.223105	-0.657019
0.288000	1.204184	-0.881631	0.224612	-0.657019
0.289000	1.203513	-0.883139	0.226120	-0.657019
0.290000	1.202840	-0.884648	0.227629	-0.657019
0.291000	1.202164	-0.886158	0.229139	-0.657019
0.292000	1.201486	-0.887669	0.230650	-0.657019
0.293000	1.200806	-0.889181	0.232162	-0.657018
0.294000	1.200123	-0.890693	0.233675	-0.657018
0.295000	1.199438	-0.892206	0.235188	-0.657018
0.296000	1.198751	-0.893719	0.236701	-0.657018
0.297000	1.198062	-0.895233	0.238214	-0.657018
0.298000	1.197371	-0.896746	0.239728	-0.657018
0.299000	1.196677	-0.898259	0.241241	-0.657018
0.300000	1.195982	-0.899772	0.242754	-0.657018
0.301000	1.195284	-0.901284	0.244266	-0.657018
0.302000	1.194584	-0.902796	0.245778	-0.657018
0.303000	1.193882	-0.904307	0.247288	-0.657018
0.304000	1.193177	-0.905816	0.248798	-0.657018
0.305000	1.192471	-0.907324	0.250306	-0.657018
0.306000	1.191762	-0.908831	0.251813	-0.657018
0.307000	1.191052	-0.910336	0.253319	-0.657018
0.308000	1.190339	-0.911840	0.254822	-0.657018
0.309000	1.189624	-0.913342	0.256323	-0.657018
0.310000	1.188907	-0.914841	0.257822	-0.657018
0.311000	1.188188	-0.916337	0.259319	-0.657018
0.312000	1.187466	-0.917831	0.260813	-0.657018
0.313000	1.186743	-0.919322	0.262304	-0.657019
0.314000	1.186018	-0.920810	0.263792	-0.657019
0.315000	1.185290	-0.922295	0.265276	-0.657019
0.316000	1.184561	-0.923776	0.266757	-0.657019
0.317000	1.183829	-0.925252	0.268234	-0.657019
0.318000	1.183096	-0.926725	0.269706	-0.657019
0.319000	1.182361	-0.928193	0.271175	-0.657019
0.320000	1.181623	-0.929657	0.272639	-0.657019
0.321000	1.180884	-0.931116	0.274097	-0.657018
0.322000	1.180143	-0.932570	0.275551	-0.657018
0.323000	1.179399	-0.934018	0.277000	-0.657018
0.324000	1.178654	-0.935461	0.278442	-0.657018
0.325000	1.177907	-0.936897	0.279879	-0.657018
0.326000	1.177158	-0.938328	0.281310	-0.657018
0.327000	1.176407	-0.939752	0.282734	-0.657018
0.328000	1.175654	-0.941169	0.284151	-0.657018
0.329000	1.174899	-0.942579	0.285561	-0.657018
0.330000	1.174142	-0.943982	0.286963	-0.657018
0.331000	1.173384	-0.945377	0.288358	-0.657018
0.332000	1.172623	-0.946764	0.289745	-0.657018
0.333000	1.171861	-0.948142	0.291124	-0.657019
0.334000	1.171097	-0.949512	0.292493	-0.657019
0.335000	1.170331	-0.950873	0.293854	-0.657019
0.336000	1.169564	-0.952224	0.295205	-0.657019
0.337000	1.168795	-0.953566	0.296547	-0.657019
0.338000	1.168024	-0.954897	0.297879	-0.657019
0.339000	1.167251	-0.956218	0.299200	-0.657019
0.340000	1.166477	-0.957529	0.300510	-0.657019
0.341000	1.165701	-0.958828	0.301809	-0.657019
0.342000	1.164923	-0.960115	0.303097	-0.657018
0.343000	1.164144	-0.961391	0.304373	-0.657019
0.344000	1.163363	-0.962655	0.305636	-0.657019
0.345000	1.162580	-0.963906	0.306887	-0.657019
0.346000	1.161795	-0.965144	0.308125	-0.657019
0.347000	1.161010	-0.966368	0.309349	-0.657019
0.348000	1.160222	-0.967579	0.310560	-0.657019
0.349000	1.159434	-0.968775	0.311756	-0.657019
0.350000	1.158643	-0.969956	0.312938	-0.657019
0.351000	1.157851	-0.971123	0.314104	-0.657019
0.352000	1.157058	-0.972273	0.315255	-0.657019
0.353000	1.156263	-0.973408	0.316390	-0.657019
0.354000	1.155467	-0.974527	0.317508	-0.657019
0.355000	1.154670	-0.975628	0.318610	-0.657019
0.356000	1.153871	-0.976713	0.319694	-0.657019
0.357000	1.153070	-0.977779	0.320760	-0.657019
0.358000	1.152269	-0.978827	0.321808	-0.657019
0.359000	1.151466	-0.979857	0.322838	-0.657019
0.360000	1.150661	-0.980867	0.323848	-0.657019
0.361000	1.149856	-0.981857	0.324838	-0.657019
0.362000	1.149050	-0.982827	0.325808	-0.657019
0.363000	1.148242	-0.983777	0.326758	-0.657019
0.364000	1.147433	-0.984705	0.327686	-0.657019
0.365000	1.146623	-0.985612	0.328593	-0.657019
0.366000	1.145811	-0.986496	0.329477	-0.657019
0.367000	1.144999	-0.987358	0.330339	-0.657019
0.368000	1.144186	-0.988196	0.331177	-0.657019
0.369000	1.143371	-0.989011	0.331992	-0.657019
0.370000	1.142556	-0.989801	0.332782	-0.657019
0.371000	1.141740	-0.990567	0.333547	-0.657019
0.372000	1.140923	-0.991307	0.334287	-0.657019
0.373000	1.140104	-0.992021	0.335001	-0.657020
0.374000	1.139285	-0.992708	0.335689	-0.657020
0.375000	1.138466	-0.993368	0.336349	-0.657020
0.376000	1.137645	-0.994001	0.336982	-0.657019
0.377000	1.136824	-0.994606	0.337586	-0.657020
0.378000	1.136002	-0.995182	0.338162	-0.657020
0.379000	1.135179	-0.995728	0.338708	-0.657020
0.380000	1.134356	-0.996244	0.339225	-0.657020
0.381000	1.133532	-0.996730	0.339710	-0.657020
0.382000	1.132707	-0.997185	0.340165	-0.657020
0.383000	1.131882	-0.997608	0.340588	-0.657020
0.384000	1.131057	-0.997999	0.340979	-0.657020
0.385000	1.130231	-0.998357	0.341337	-0.657020
0.386000	1.129404	-0.998681	0.341661	-0.657020
0.387000	1.128577	-0.998971	0.341951	-0.657020
0.388000	1.127750	-0.999227	0.342207	-0.657020
0.389000	1.126923	-0.999447	0.342427	-0.657020
0.390000	1.126095	-0.999631	0.342611	-0.657020
0.391000	1.125267	-0.999779	0.342759	-0.657020
0.392000	1.124439	-0.999890	0.342869	-0.657020
0.393000	1.123611	-0.999963	0.342942	-0.657020
0.394000	1.122783	-0.999997	0.342977	-0.657020
0.395000	1.121955	-0.999993	0.342972	-0.657020
0.396000	1.121126	-0.999949	0.342928	-0.657021
0.397000	1.120298	-0.999864	0.342844	-0.657021
0.398000	1.119470	-0.999739	0.342719	-0.657021
0.399000	1.118642	-0.999573	0.342552	-0.657021
0.400000	1.117815	-0.999365	0.342344	-0.657021
0.401000	1.116988	-0.999114	0.342093	-0.657021
0.402000	1.116161	-0.998820	0.341799	-0.657021
0.403000	1.115334	-0.998482	0.341461	-0.657021
0.404000	1.114508	-0.998100	0.341079	-0.657021
0.405000	1.113682	-0.997673	0.340651	-0.657021
0.406000	1.112857	-0.997200	0.340179	-0.657021
0.407000	1.112033	-0.996681	0.339660	-0.657021
0.408000	1.111209	-0.996116	0.339095	-0.657021
0.409000	1.110386	-0.995503	0.338482	-0.657021
0.410000	1.109563	-0.994843	0.337822	-0.657021
0.411000	1.108742	-0.994135	0.337113	-0.657021
0.412000	1.107921	-0.993378	0.336356	-0.657021
0.413000	1.107101	-0.992571	0.335550	-0.657022
0.414000	1.106282	-0.991715	0.334693	-0.657022
0.415000	1.105465	-0.990808	0.333787	-0.657022
0.416000	1.104648	-0.989851	0.332829	-0.657022
0.417000	1.103833	-0.988843	0.331821	-0.657022
0.418000	1.103019	-0.987782	0.330761	-0.657022
0.419000	1.102206	-0.986670	0.329648	-0.657022
0.420000	1.101395	-0.985505	0.328483	-0.657022
0.421000	1.100585	-0.984288	0.327266	-0.657022
0.422000	1.099777	-0.983016	0.325994	-0.657022
0.423000	1.098971	-0.981692	0.324670	-0.657022
0.424000	1.098166	-0.980313	0.323291	-0.657022
0.425000	1.097362	-0.978880	0.321858	-0.657022
0.426000	1.096561	-0.977392	0.320370	-0.657022
0.427000	1.095761	-0.975850	0.318827	-0.657022
0.428000	1.094964	-0.974252	0.317229	-0.657022
0.429000	1.094168	-0.972598	0.315576	-0.657022
0.430000	1.093375	-0.970889	0.313867	-0.657022
0.431000	1.092584	-0.969125	0.312102	-0.657022
0.432000	1.091795	-0.967304	0.310282	-0.657022
0.433000	1.091008	-0.965427	0.308405	-0.657023
0.434000	1.090224	-0.963494	0.306472	-0.657023
0.435000	1.089442	-0.961505	0.304483	-0.657023
0.436000	1.088663	-0.959460	0.302437	-0.657023
0.437000	1.087887	-0.957358	0.300335	-0.657023
0.438000	1.087113	-0.955200	0.298177	-0.657023
0.439000	1.086343	-0.952986	0.295963	-0.657023
0.440000	1.085575	-0.950716	0.293692	-0.657023
0.441000	1.084810	-0.948389	0.291366	-0.657023
0.442000	1.084048	-0.946007	0.288984	-0.657023
0.443000	1.083289	-0.943570	0.286546	-0.657023
0.444000	1.082534	-0.941077	0.284053	-0.657024
0.445000	1.081782	-0.938529	0.281505	-0.657023
0.446000	1.081033	-0.935926	0.278903	-0.657023
0.447000	1.080288	-0.933270	0.276246	-0.657023
0.448000	1.079547	-0.930559	0.273535	-0.657024
0.449000	1.078809	-0.927795	0.270771	-0.657023
0.450000	1.078075	-0.924978	0.267954	-0.657024
0.451000	1.077345	-0.922108	0.265085	-0.657023
0.452000	1.076619	-0.919187	0.262164	-0.657023
0.453000	1.075897	-0.916215	0.259192	-0.657024
0.454000	1.075179	-0.913193	0.256169	-0.657023
0.455000	1.074465	-0.910121	0.253098	-0.657023
0.456000	1.073756	-0.907000	0.249977	-0.657023
0.457000	1.073051	-0.903832	0.246808	-0.657024
0.458000	1.072351	-0.900616	0.243593	-0.657023
0.459000	1.071655	-0.897355	0.240331	-0.657023
0.460000	1.070964	-0.894048	0.237025	-0.657023
0.461000	1.070278	-0.890697	0.233675	-0.657023
0.462000	1.069597	-0.887304	0.230282	-0.657023
0.463000	1.068921	-0.883869	0.226847	-0.657022
0.464000	1.068250	-0.880395	0.223372	-0.657023
0.465000	1.067584	-0.876881	0.219858	-0.657023
0.466000	1.066923	-0.873328	0.216306	-0.657022
0.467000	1.066268	-0.869741	0.212718	-0.657023
0.468000	1.065619	-0.866118	0.209096	-0.657022
0.469000	1.064975	-0.862462	0.205440	-0.657022
0.470000	1.064337	-0.858774	0.201752	-0.657022
0.471000	1.063704	-0.855056	0.198035	-0.657021
0.472000	1.063078	-0.851310	0.194289	-0.657022
0.473000	1.062458	-0.847538	0.190516	-0.657021
0.474000	1.061844	-0.843740	0.186719	-0.657021
0.475000	1.061236	-0.839920	0.182899	-0.657022
0.476000	1.060634	-0.836079	0.179057	-0.657021
0.477000	1.060039	-0.832219	0.175197	-0.657021
0.478000	1.059450	-0.828341	0.171320	-0.657021
0.479000	1.058868	-0.824448	0.167428	-0.657021
0.480000	1.058293	-0.820543	0.163523	-0.657021
0.481000	1.057724	-0.816628	0.159607	-0.657021
0.482000	1.057163	-0.812704	0.155683	-0.657021
0.483000	1.056608	-0.808774	0.151753	-0.657021
0.484000	1.056061	-0.804841	0.147819	-0.657022
0.485000	1.055521	-0.800905	0.143883	-0.657021
0.486000	1.054988	-0.796970	0.139949	-0.657021
0.487000	1.054463	-0.793038	0.136018	-0.657021
0.488000	1.053945	-0.789114	0.132092	-0.657022
0.489000	1.053435	-0.785196	0.128175	-0.657021
0.490000	1.052933	-0.781290	0.124269	-0.657021
0.491000	1.052438	-0.777397	0.120377	-0.657020
0.492000	1.051951	-0.773520	0.116500	-0.657020
0.493000	1.051473	-0.769663	0.112643	-0.657021
0.494000	1.051002	-0.765826	0.108806	-0.657020
0.495000	1.050539	-0.762014	0.104994	-0.657020
0.496000	1.050085	-0.758229	0.101209	-0.657020
0.497000	1.049640	-0.754472	0.097453	-0.657020
0.498000	1.049203	-0.750750	0.093729	-0.657020
0.499000	1.048774	-0.747061	0.090041	-0.657020
0.500000	1.048354	-0.743410	0.086390	-0.657019
0.501000	1.047943	-0.739799	0.082780	-0.657020
0.502000	1.047540	-0.736233	0.079213	-0.657020
0.503000	1.047146	-0.732711	0.075692	-0.657019
0.504000	1.046762	-0.729239	0.072220	-0.657019
0.505000	1.046386	-0.725819	0.068800	-0.657019
0.506000	1.046020	-0.722452	0.065433	-0.657018
0.507000	1.045663	-0.719142	0.062124	-0.657018
0.508000	1.045315	-0.715893	0.058875	-0.657018
0.509000	1.044976	-0.712704	0.055687	-0.657017
0.510000	1.044647	-0.709582	0.052565	-0.657016
0.511000	1.044328	-0.706527	0.049511	-0.657016
0.512000	1.044018	-0.703542	0.046526	-0.657016
0.513000	1.043718	-0.700630	0.043615	-0.657016
0.514000	1.043427	-0.697793	0.040778	-0.657015
0.515000	1.043146	-0.695034	0.038019	-0.657014
0.516000	1.042876	-0.692355	0.035341	-0.657014
0.517000	1.042615	-0.689759	0.032744	-0.657015
0.518000	1.042364	-0.687247	0.030233	-0.657014
0.519000	1.042123	-0.684822	0.027808	-0.657013
0.520000	1.041892	-0.682487	0.025473	-0.657014
0.521000	1.041672	-0.680243	0.023228	-0.657014
0.522000	1.041461	-0.678092	0.021077	-0.657015
0.523000	1.041261	-0.676036	0.019022	-0.657014
0.524000	1.041071	-0.674078	0.017063	-0.657015
0.525000	1.040892	-0.672217	0.015203	-0.657014
0.526000	1.040722	-0.670458	0.013444	-0.657014
0.527000	1.040564	-0.668801	0.011787	-0.657014
0.528000	1.040415	-0.667247	0.010234	-0.657014
0.529000	1.040277	-0.665799	0.008785	-0.657014
0.530000	1.040150	-0.664458	0.007444	-0.657014
0.531000	1.040033	-0.663223	0.006210	-0.657012
0.532000	1.039927	-0.662098	0.005086	-0.657012
0.533000	1.039832	-0.661083	0.004071	-0.657011
0.534000	1.039747	-0.660179	0.003168	-0.657011
0.535000	1.039672	-0.659388	0.002376	-0.657012
0.536000	1.039609	-0.658710	0.001697	-0.657013
0.537000	1.039556	-0.658143	0.001132	-0.657012
0.538000	1.039514	-0.657692	0.000680	-0.657012
0.539000	1.039482	-0.657355	0.000342	-0.657013
0.540000	1.039461	-0.657133	0.000119	-0.657014
0.541000	1.039451	-0.657024	0.000011	-0.657013
0.542000	1.039452	-0.657031	0.000018	-0.657013
0.543000	1.039463	-0.657152	0.000140	-0.657012
0.544000	1.039485	-0.657389	0.000376	-0.657013
0.545000	1.039518	-0.657739	0.000727	-0.657012
0.546000	1.039562	-0.658205	0.001192	-0.657013
0.547000	1.039616	-0.658784	0.001771	-0.657013
0.548000	1.039681	-0.659477	0.002464	-0.657013
0.549000	1.039756	-0.660282	0.003268	-0.657014
0.550000	1.039842	-0.661199	0.004185	-0.657014
0.551000	1.039939	-0.662226	0.005213	-0.657014
0.552000	1.040047	-0.663364	0.006350	-0.657014
0.553000	1.040165	-0.664609	0.007596	-0.657013
0.554000	1.040293	-0.665963	0.008950	-0.657013
0.555000	1.040432	-0.667423	0.010411	-0.657012
0.556000	1.040582	-0.668989	0.011976	-0.657012
0.557000	1.040742	-0.670658	0.013646	-0.657012
0.558000	1.040912	-0.672430	0.015417	-0.657013
0.559000	1.041093	-0.674302	0.017288	-0.657013
0.560000	1.041284	-0.676272	0.019259	-0.657013
0.561000	1.041485	-0.678339	0.021326	-0.657013
0.562000	1.041697	-0.680501	0.023488	-0.657013
0.563000	1.041919	-0.682755	0.025743	-0.657013
0.564000	1.042151	-0.685102	0.028089	-0.657013
0.565000	1.042393	-0.687537	0.030524	-0.657013
0.566000	1.042645	-0.690058	0.033046	-0.657013
0.567000	1.042907	-0.692666	0.035652	-0.657014
0.568000	1.043179	-0.695355	0.038340	-0.657015
0.569000	1.043461	-0.698123	0.041108	-0.657014
0.570000	1.043752	-0.700968	0.043954	-0.657014
0.571000	1.044054	-0.703888	0.046874	-0.657014
0.572000	1.044365	-0.706881	0.049867	-0.657015
0.573000	1.044685	-0.709944	0.052929	-0.657014
0.574000	1.045015	-0.713074	0.056059	-0.657014
0.575000	1.045355	-0.716269	0.059254	-0.657015
0.576000	1.045704	-0.719526	0.062511	-0.657015
0.577000	1.046062	-0.722842	0.065827	-0.657015
0.578000	1.046430	-0.726216	0.069200	-0.657016
0.579000	1.046806	-0.729642	0.072626	-0.657016
0.580000	1.047192	-0.733120	0.076104	-0.657016
0.581000	1.047587	-0.736648	0.079631	-0.657017
0.582000	1.047990	-0.740220	0.083203	-0.657017
0.583000	1.048403	-0.743836	0.086818	-0.657017
0.584000	1.048824	-0.747492	0.090474	-0.657018
0.585000	1.049253	-0.751184	0.094166	-0.657018
0.586000	1.049692	-0.754912	0.097894	-0.657018
0.587000	1.050138	-0.758671	0.101653	-0.657018
0.588000	1.050593	-0.762460	0.105442	-0.657018
0.589000	1.051057	-0.766275	0.109257	-0.657018
0.590000	1.051528	-0.770113	0.113096	-0.657017
0.591000	1.052008	-0.773974	0.116956	-0.657018
0.592000	1.052495	-0.777853	0.120835	-0.657018
0.593000	1.052991	-0.781748	0.124729	-0.657019
0.594000	1.053494	-0.785655	0.128637	-0.657019
0.595000	1.054006	-0.789573	0.132555	-0.657019
0.596000	1.054524	-0.793499	0.136481	-0.657019
0.597000	1.055050	-0.797432	0.140413	-0.657020
0.598000	1.055584	-0.801367	0.144347	-0.657019
0.599000	1.056125	-0.805302	0.148283	-0.657020
0.600000	1.056673	-0.809236	0.152217	-0.657019
0.601000	1.057228	-0.813165	0.156146	-0.657019
0.602000	1.057791	-0.817088	0.160069	-0.657019
0.603000	1.058360	-0.821003	0.163984	-0.657019
0.604000	1.058936	-0.824907	0.167887	-0.657019
0.605000	1.059519	-0.828798	0.171778	-0.657020
0.606000	1.060108	-0.832673	0.175653	-0.657019
0.607000	1.060704	-0.836531	0.179512	-0.657019
0.608000	1.061307	-0.840370	0.183350	-0.657019
0.609000	1.061916	-0.844188	0.187168	-0.657020
0.610000	1.062530	-0.847982	0.190963	-0.657020
0.611000	1.063151	-0.851752	0.194732	-0.657020
0.612000	1.063779	-0.855494	0.198475	-0.657020
0.613000	1.064412	-0.859209	0.202189	-0.657020
0.614000	1.065050	-0.862893	0.205873	-0.657020
0.615000	1.065695	-0.866545	0.209525	-0.657020
0.616000	1.066345	-0.870164	0.213144	-0.657020
0.617000	1.067001	-0.873747	0.216727	-0.657020
0.618000	1.067662	-0.877295	0.220275	-0.657020
0.619000	1.068328	-0.880805	0.223784	-0.657020
0.620000	1.069000	-0.884275	0.227255	-0.657020
0.621000	1.069676	-0.887704	0.230684	-0.657020
0.622000	1.070358	-0.891093	0.234073	-0.657020
0.623000	1.071045	-0.894438	0.237418	-0.657021
0.624000	1.071736	-0.897739	0.240719	-0.657020
0.625000	1.072433	-0.900996	0.243975	-0.657020
0.626000	1.073133	-0.904205	0.247185	-0.657020
0.627000	1.073839	-0.907368	0.250348	-0.657020
0.628000	1.074549	-0.910484	0.253463	-0.657020
0.629000	1.075263	-0.913550	0.256529	-0.657021
0.630000	1.075981	-0.916567	0.259546	-0.657021
0.631000	1.076704	-0.919533	0.262512	-0.657021
0.632000	1.077430	-0.922448	0.265427	-0.657021
0.633000	1.078161	-0.925311	0.268290	-0.657021
0.634000	1.078895	-0.928122	0.271101	-0.657021
0.635000	1.079634	-0.930880	0.273859	-0.657021
0.636000	1.080376	-0.933584	0.276563	-0.657021
0.637000	1.081121	-0.936235	0.279214	-0.657021
0.638000	1.081870	-0.938831	0.281810	-0.657021
0.639000	1.082623	-0.941373	0.284352	-0.657021
0.640000	1.083378	-0.943859	0.286838	-0.657021
0.641000	1.084138	-0.946290	0.289269	-0.657021
0.642000	1.084900	-0.948666	0.291645	-0.657021
0.643000	1.085665	-0.950986	0.293965	-0.657022
0.644000	1.086433	-0.953250	0.296228	-0.657022
0.645000	1.087205	-0.955458	0.298436	-0.657022
0.646000	1.087979	-0.957609	0.300587	-0.657022
0.647000	1.088755	-0.959704	0.302683	-0.657021
0.648000	1.089535	-0.961743	0.304721	-0.657022
0.649000	1.090317	-0.963726	0.306704	-0.657022
0.650000	1.091101	-0.965652	0.308630	-0.657021
0.651000	1.091888	-0.967522	0.310501	-0.657022
0.652000	1.092677	-0.969336	0.312315	-0.657022
0.653000	1.093469	-0.971094	0.314073	-0.657022
0.654000	1.094262	-0.972797	0.315775	-0.657021
0.655000	1.095058	-0.974443	0.317422	-0.657021
0.656000	1.095856	-0.976035	0.319013	-0.657021
0.657000	1.096656	-0.977571	0.320550	-0.657021
0.658000	1.097457	-0.979052	0.322031	-0.657021
0.659000	1.098261	-0.980479	0.323458	-0.657021
0.660000	1.099066	-0.981851	0.324830	-0.657021
0.661000	1.099873	-0.983170	0.326148	-0.657021
0.662000	1.100681	-0.984434	0.327413	-0.657021
0.663000	1.101491	-0.985646	0.328625	-0.657021
0.664000	1.102303	-0.986804	0.329783	-0.657021
0.665000	1.103115	-0.987911	0.330889	-0.657021
0.666000	1.103930	-0.988965	0.331944	-0.657021
0.667000	1.104745	-0.989967	0.332946	-0.657021
0.668000	1.105562	-0.990918	0.333897	-0.657021
0.669000	1.106379	-0.991819	0.334798	-0.657021
0.670000	1.107198	-0.992669	0.335648	-0.657021
0.671000	1.108018	-0.993470	0.336449	-0.657021
0.672000	1.108839	-0.994221	0.337201	-0.657021
0.673000	1.109660	-0.994924	0.337903	-0.657021
0.674000	1.110483	-0.995578	0.338558	-0.657021
0.675000	1.111306	-0.996185	0.339165	-0.657021
0.676000	1.112130	-0.996745	0.339725	-0.657020
0.677000	1.112955	-0.997258	0.340238	-0.657020
0.678000	1.113780	-0.997725	0.340705	-0.657020
0.679000	1.114606	-0.998147	0.341127	-0.657020
0.680000	1.115432	-0.998524	0.341504	-0.657020
0.681000	1.116259	-0.998857	0.341837	-0.657020
0.682000	1.117086	-0.999146	0.342126	-0.657020
0.683000	1.117913	-0.999392	0.342371	-0.657020
0.684000	1.118741	-0.999595	0.342575	-0.657020
0.685000	1.119569	-0.999756	0.342736	-0.657020
0.686000	1.120397	-0.999876	0.342857	-0.657020
0.687000	1.121225	-0.999956	0.342936	-0.657020
0.688000	1.122053	-0.999995	0.342975	-0.657020
0.689000	1.122881	-0.999995	0.342975	-0.657020
0.690000	1.123709	-0.999956	0.342936	-0.657020
0.691000	1.124538	-0.999878	0.342859	-0.657020
0.692000	1.125366	-0.999763	0.342744	-0.657020
0.693000	1.126193	-0.999611	0.342592	-0.657020
0.694000	1.127021	-0.999423	0.342403	-0.657020
0.695000	1.127849	-0.999198	0.342179	-0.657019
0.696000	1.128676	-0.998939	0.341919	-0.657019
0.697000	1.129503	-0.998644	0.341625	-0.657019
0.698000	1.130329	-0.998316	0.341296	-0.657019
0.699000	1.131155	-0.997954	0.340935	-0.657019
0.700000	1.131980	-0.997559	0.340540	-0.657019
0.701000	1.132805	-0.997132	0.340113	-0.657019
0.702000	1.133630	-0.996674	0.339655	-0.657019
0.703000	1.134454	-0.996184	0.339165	-0.657019
0.704000	1.135277	-0.995664	0.338645	-0.657019
0.705000	1.136100	-0.995114	0.338095	-0.657019
0.706000	1.136922	-0.994535	0.337516	-0.657019
0.707000	1.137743	-0.993927	0.336908	-0.657019
0.708000	1.138564	-0.993291	0.336272	-0.657019
0.709000	1.139383	-0.992627	0.335609	-0.657019
0.710000	1.140202	-0.991937	0.334918	-0.657019
0.711000	1.141020	-0.991219	0.334201	-0.657019
0.712000	1.141837	-0.990476	0.333458	-0.657019
0.713000	1.142654	-0.989708	0.332690	-0.657018
0.714000	1.143469	-0.988915	0.331896	-0.657018
0.715000	1.144283	-0.988097	0.331079	-0.657018
0.716000	1.145096	-0.987256	0.330238	-0.657018
0.717000	1.145908	-0.986392	0.329373	-0.657018
0.718000	1.146719	-0.985505	0.328486	-0.657018
0.719000	1.147529	-0.984596	0.327577	-0.657018
0.720000	1.148338	-0.983665	0.326646	-0.657018
0.721000	1.149146	-0.982713	0.325694	-0.657018
0.722000	1.149952	-0.981740	0.324722	-0.657018
0.723000	1.150758	-0.980747	0.323729	-0.657018
0.724000	1.151562	-0.979735	0.322716	-0.657018
0.725000	1.152364	-0.978703	0.321685	-0.657018
0.726000	1.153166	-0.977653	0.320635	-0.657018
0.727000	1.153966	-0.976584	0.319566	-0.657018
0.728000	1.154765	-0.975498	0.318480	-0.657018
0.729000	1.155562	-0.974394	0.317376	-0.657018
0.730000	1.156358	-0.973274	0.316256	-0.657018
0.731000	1.157153	-0.972137	0.315119	-0.657018
0.732000	1.157946	-0.970984	0.313966	-0.657018
0.733000	1.158738	-0.969816	0.312798	-0.657018
0.734000	1.159528	-0.968633	0.311615	-0.657018
0.735000	1.160317	-0.967435	0.310417	-0.657018
0.736000	1.161104	-0.966222	0.309205	-0.657018
0.737000	1.161889	-0.964996	0.307979	-0.657018
0.738000	1.162673	-0.963757	0.306739	-0.657018
0.739000	1.163456	-0.962505	0.305487	-0.657018
0.740000	1.164237	-0.961240	0.304222	-0.657018
0.741000	1.165016	-0.959962	0.302945	-0.657018
0.742000	1.165793	-0.958673	0.301656	-0.657018
0.743000	1.166569	-0.957373	0.300355	-0.657018
0.744000	1.167344	-0.956061	0.299043	-0.657017
0.745000	1.168116	-0.954738	0.297721	-0.657018
0.746000	1.168887	-0.953406	0.296388	-0.657017
0.747000	1.169656	-0.952063	0.295045	-0.657017
0.748000	1.170423	-0.950710	0.293693	-0.657017
0.749000	1.171189	-0.949348	0.292331	-0.657017
0.750000	1.171953	-0.947977	0.290960	-0.657017
0.751000	1.172715	-0.946598	0.289581	-0.657017
0.752000	1.173475	-0.945210	0.288193	-0.657017
0.753000	1.174233	-0.943814	0.286797	-0.657017
0.754000	1.174989	-0.942411	0.285394	-0.657017
0.755000	1.175744	-0.941000	0.283983	-0.657017
0.756000	1.176497	-0.939582	0.282565	-0.657017
0.757000	1.177247	-0.938157	0.281140	-0.657017
0.758000	1.177996	-0.936726	0.279709	-0.657017
0.759000	1.178743	-0.935288	0.278271	-0.657017
0.760000	1.179488	-0.933845	0.276828	-0.657017
0.761000	1.180231	-0.932396	0.275379	-0.657017
0.762000	1.180973	-0.930941	0.273924	-0.657017
0.763000	1.181712	-0.929482	0.272465	-0.657017
0.764000	1.182449	-0.928017	0.271000	-0.657017
0.765000	1.183184	-0.926548	0.269531	-0.657017
0.766000	1.183918	-0.925075	0.268058	-0.657017
0.767000	1.184649	-0.923597	0.266581	-0.657017
0.768000	1.185378	-0.922116	0.265099	-0.657017
0.769000	1.186105	-0.920631	0.263615	-0.657017
0.770000	1.186830	-0.919143	0.262127	-0.657017
0.771000	1.187553	-0.917652	0.260635	-0.657017
0.772000	1.188274	-0.916158	0.259141	-0.657017
0.773000	1.188993	-0.914661	0.257644	-0.657017
0.774000	1.189710	-0.913162	0.256145	-0.657017
0.775000	1.190424	-0.911660	0.254643	-0.657017
0.776000	1.191137	-0.910157	0.253140	-0.657017
0.777000	1.191847	-0.908651	0.251634	-0.657017
0.778000	1.192556	-0.907144	0.250127	-0.657017
0.779000	1.193262	-0.905636	0.248619	-0.657017
0.780000	1.193966	-0.904126	0.247109	-0.657017
0.781000	1.194668	-0.902615	0.245598	-0.657017
0.782000	1.195367	-0.901104	0.244086	-0.657017
0.783000	1.196065	-0.899591	0.242574	-0.657017
0.784000	1.196761	-0.898078	0.241061	-0.657017
0.785000	1.197454	-0.896565	0.239548	-0.657017
0.786000	1.198145	-0.895051	0.238034	-0.657017
0.787000	1.198834	-0.893538	0.236521	-0.657017
0.788000	1.199521	-0.892025	0.235008	-0.657017
0.789000	1.200205	-0.890512	0.233495	-0.657017
0.790000	1.200887	-0.888999	0.231982	-0.657017
0.791000	1.201567	-0.887487	0.230471	-0.657017
0.792000	1.202245	-0.885976	0.228960	-0.657017
0.793000	1.202921	-0.884466	0.227449	-0.657016
0.794000	1.203594	-0.882957	0.225940	-0.657016
0.795000	1.204265	-0.881449	0.224433	-0.657016
0.796000	1.204934	-0.879942	0.222926	-0.657016
0.797000	1.205601	-0.878437	0.221421	-0.657016
0.798000	1.206265	-0.876933	0.219918	-0.657016
0.799000	1.206927	-0.875432	0.218416	-0.657016
0.800000	1.207587	-0.873932	0.216916	-0.657016
0.801000	1.208244	-0.872435	0.215419	-0.657016
0.802000	1.208900	-0.870939	0.213923	-0.657017
0.803000	1.209553	-0.869446	0.212429	-0.657017
0.804000	1.210203	-0.867955	0.210938	-0.657017
0.805000	1.210852	-0.866466	0.209450	-0.657017
0.806000	1.211498	-0.864980	0.207964	-0.657017
0.807000	1.212141	-0.863497	0.206480	-0.657017
0.808000	1.212783	-0.862016	0.205000	-0.657017
0.809000	1.213422	-0.860539	0.203522	-0.657017
0.810000	1.214059	-0.859064	0.202047	-0.657017
0.811000	1.214693	-0.857592	0.200575	-0.657017
0.812000	1.215325	-0.856124	0.199107	-0.657017
0.813000	1.215955	-0.854658	0.197641	-0.657017
0.814000	1.216583	-0.853197	0.196179	-0.657017
0.815000	1.217208	-0.851738	0.194721	-0.657017
0.816000	1.217831	-0.850283	0.193266	-0.657017
0.817000	1.218451	-0.848832	0.191814	-0.657017
0.818000	1.219070	-0.847384	0.190367	-0.657017
0.819000	1.219685	-0.845940	0.188923	-0.657017
0.820000	1.220299	-0.844500	0.187483	-0.657017
0.821000	1.220910	-0.843064	0.186047	-0.657017
0.822000	1.221519	-0.841632	0.184614	-0.657017
0.823000	1.222125	-0.840204	0.183186	-0.657017
0.824000	1.222729	-0.838780	0.181762	-0.657017
0.825000	1.223331	-0.837360	0.180342	-0.657017
0.826000	1.223931	-0.835944	0.178927	-0.657017
0.827000	1.224528	-0.834533	0.177516	-0.657017
0.828000	1.225122	-0.833126	0.176109	-0.657018
0.829000	1.225714	-0.831724	0.174706	-0.657018
0.830000	1.226304	-0.830326	0.173309	-0.657018
0.831000	1.226892	-0.828933	0.171915	-0.657018
0.832000	1.227477	-0.827544	0.170527	-0.657017
0.833000	1.228060	-0.826160	0.169143	-0.657018
0.834000	1.228640	-0.824781	0.167763	-0.657018
0.835000	1.229218	-0.823406	0.166389	-0.657018
0.836000	1.229794	-0.822037	0.165019	-0.657018
0.837000	1.230367	-0.820672	0.163655	-0.657018
0.838000	1.230938	-0.819313	0.162295	-0.657018
0.839000	1.231507	-0.817958	0.160940	-0.657018
0.840000	1.232073	-0.816608	0.159590	-0.657018
0.841000	1.232637	-0.815263	0.158245	-0.657018
0.842000	1.233198	-0.813923	0.156906	-0.657018
0.843000	1.233757	-0.812589	0.155571	-0.657018
0.844000	1.234314	-0.811260	0.154242	-0.657018
0.845000	1.234868	-0.809936	0.152918	-0.657018
0.846000	1.235420	-0.808617	0.151599	-0.657018
0.847000	1.235969	-0.807303	0.150285	-0.657018
0.848000	1.236516	-0.805995	0.148977	-0.657018
0.849000	1.237061	-0.804692	0.147674	-0.657018
0.850000	1.237603	-0.803395	0.146377	-0.657018
0.851000	1.238143	-0.802103	0.145085	-0.657018
0.852000	1.238680	-0.800816	0.143798	-0.657018
0.853000	1.239216	-0.799535	0.142517	-0.657018
0.854000	1.239748	-0.798259	0.141241	-0.657018
0.855000	1.240279	-0.796989	0.139971	-0.657018
0.856000	1.240806	-0.795725	0.138707	-0.657018
0.857000	1.241332	-0.794466	0.137448	-0.657018
0.858000	1.241855	-0.793213	0.136195	-0.657018
0.859000	1.242376	-0.791965	0.134947	-0.657018
0.860000	1.242894	-0.790723	0.133705	-0.657018
0.861000	1.243410	-0.789487	0.132469	-0.657018
0.862000	1.243924	-0.788256	0.131238	-0.657018
0.863000	1.244435	-0.787031	0.130013	-0.657018
0.864000	1.244943	-0.785812	0.128794	-0.657017
0.865000	1.245450	-0.784598	0.127581	-0.657018
0.866000	1.245954	-0.783391	0.126373	-0.657018
0.867000	1.246455	-0.782189	0.125171	-0.657018
0.868000	1.246954	-0.780993	0.123975	-0.657018
0.869000	1.247451	-0.779803	0.122785	-0.657018
0.870000	1.247945	-0.778619	0.121601	-0.657018
0.871000	1.248437	-0.777440	0.120423	-0.657018
0.872000	1.248927	-0.776268	0.119250	-0.657018
0.873000	1.249414	-0.775101	0.118083	-0.657018
0.874000	1.249899	-0.773940	0.116922	-0.657017
0.875000	1.250381	-0.772785	0.115767	-0.657017
0.876000	1.250861	-0.771636	0.114618	-0.657018
0.877000	1.251339	-0.770493	0.113475	-0.657018
0.878000	1.251814	-0.769356	0.112338	-0.657018
0.879000	1.252287	-0.768225	0.111207	-0.657018
0.880000	1.252757	-0.767099	0.110082	-0.657018
0.881000	1.253225	-0.765980	0.108962	-0.657018
0.882000	1.253691	-0.764867	0.107849	-0.657018
0.883000	1.254154	-0.763759	0.106742	-0.657018
0.884000	1.254615	-0.762658	0.105640	-0.657018
0.885000	1.255074	-0.761563	0.104545	-0.657018
0.886000	1.255530	-0.760473	0.103456	-0.657018
0.887000	1.255983	-0.759390	0.102372	-0.657018
0.888000	1.256435	-0.758312	0.101295	-0.657017
0.889000	1.256884	-0.757241	0.100223	-0.657017
0.890000	1.257330	-0.756175	0.099158	-0.657017
0.891000	1.257774	-0.755116	0.098099	-0.657017
0.892000	1.258216	-0.754062	0.097045	-0.657017
0.893000	1.258656	-0.753015	0.095998	-0.657017
0.894000	1.259093	-0.751973	0.094957	-0.657017
0.895000	1.259527	-0.750938	0.093921	-0.657017
0.896000	1.259959	-0.749909	0.092892	-0.657017
0.897000	1.260389	-0.748885	0.091869	-0.657017
0.898000	1.260817	-0.747868	0.090851	-0.657017
0.899000	1.261242	-0.746857	0.089840	-0.657016
0.900000	1.261665	-0.745851	0.088835	-0.657016
0.901000	1.262085	-0.744852	0.087836	-0.657016
0.902000	1.262503	-0.743859	0.086843	-0.657016
0.903000	1.262918	-0.742872	0.085855	-0.657016
0.904000	1.263332	-0.741891	0.084874	-0.657016
0.905000	1.263742	-0.740916	0.083899	-0.657016
0.906000	1.264151	-0.739947	0.082930	-0.657017
0.907000	1.264557	-0.738984	0.081967	-0.657017
0.908000	1.264961	-0.738027	0.081010	-0.657017
0.909000	1.265362	-0.737075	0.080059	-0.657017
0.910000	1.265761	-0.736130	0.079114	-0.657017
0.911000	1.266158	-0.735191	0.078175	-0.657017
0.912000	1.266552	-0.734258	0.077242	-0.657017
0.913000	1.266944	-0.733331	0.076314	-0.657017
0.914000	1.267333	-0.732410	0.075393	-0.657017
0.915000	1.267720	-0.731495	0.074478	-0.657017
0.916000	1.268105	-0.730586	0.073569	-0.657017
0.917000	1.268487	-0.729683	0.072666	-0.657017
0.918000	1.268867	-0.728786	0.071769	-0.657017
0.919000	1.269245	-0.727894	0.070878	-0.657017
0.920000	1.269620	-0.727009	0.069992	-0.657017
0.921000	1.269993	-0.726130	0.069113	-0.657017
0.922000	1.270364	-0.725257	0.068240	-0.657017
0.923000	1.270732	-0.724389	0.067372	-0.657017
0.924000	1.271098	-0.723528	0.066511	-0.657017
0.925000	1.271462	-0.722672	0.065655	-0.657017
0.926000	1.271823	-0.721823	0.064806	-0.657017
0.927000	1.272182	-0.720979	0.063962	-0.657017
0.928000	1.272538	-0.720141	0.063124	-0.657017
0.929000	1.272892	-0.719309	0.062292	-0.657017
0.930000	1.273244	-0.718483	0.061466	-0.657017
0.931000	1.273593	-0.717663	0.060646	-0.657017
0.932000	1.273941	-0.716849	0.059832	-0.657017
0.933000	1.274285	-0.716041	0.059024	-0.657017
0.934000	1.274628	-0.715238	0.058221	-0.657017
0.935000	1.274968	-0.714442	0.057425	-0.657017
0.936000	1.275306	-0.713651	0.056634	-0.657017
0.937000	1.275641	-0.712866	0.055849	-0.657017
0.938000	1.275974	-0.712087	0.055070	-0.657017
0.939000	1.276305	-0.711314	0.054297	-0.657017
0.940000	1.276633	-0.710547	0.053529	-0.657017
0.941000	1.276959	-0.709785	0.052768	-0.657017
0.942000	1.277283	-0.709030	0.052012	-0.657017
0.943000	1.277604	-0.708280	0.051262	-0.657017
0.944000	1.277923	-0.707535	0.050518	-0.657017
0.945000	1.278240	-0.706797	0.049780	-0.657018
0.946000	1.278554	-0.706065	0.049047	-0.657017
0.947000	1.278866	-0.705338	0.048320	-0.657018
0.948000	1.279176	-0.704617	0.047599	-0.657018
0.949000	1.279483	-0.703902	0.046884	-0.657018
0.950000	1.279788	-0.703192	0.046175	-0.657018
0.951000	1.280091	-0.702489	0.045471	-0.657018
0.952000	1.280391	-0.701791	0.044773	-0.657018
0.953000	1.280689	-0.701099	0.044081	-0.657018
0.954000	1.280985	-0.700412	0.043394	-0.657018
0.955000	1.281278	-0.699731	0.042713	-0.657018
0.956000	1.281569	-0.699056	0.042038	-0.657018
0.957000	1.281858	-0.698387	0.041368	-0.657018
0.958000	1.282145	-0.697723	0.040705	-0.657018
0.959000	1.282429	-0.697065	0.040046	-0.657019
0.960000	1.282710	-0.696413	0.039394	-0.657019
0.961000	1.282990	-0.695766	0.038747	-0.657019
0.962000	1.283267	-0.695125	0.038106	-0.657019
0.963000	1.283542	-0.694489	0.037470	-0.657019
0.964000	1.283815	-0.693859	0.036840	-0.657019
0.965000	1.284085	-0.693235	0.036216	-0.657019
0.966000	1.284353	-0.692617	0.035597	-0.657019
0.967000	1.284618	-0.692004	0.034984	-0.657019
0.968000	1.284882	-0.691396	0.034377	-0.657019
0.969000	1.285143	-0.690794	0.033775	-0.657019
0.970000	1.285401	-0.690198	0.033179	-0.657019
0.971000	1.285658	-0.689608	0.032588	-0.657020
0.972000	1.285912	-0.689022	0.032003	-0.657019
0.973000	1.286164	-0.688443	0.031423	-0.657020
0.974000	1.286413	-0.687869	0.030849	-0.657020
0.975000	1.286661	-0.687300	0.030281	-0.657020
0.976000	1.286905	-0.686738	0.029718	-0.657020
0.977000	1.287148	-0.686180	0.029160	-0.657020
0.978000	1.287388	-0.685629	0.028608	-0.657020
0.979000	1.287626	-0.685082	0.028062	-0.657020
0.980000	1.287862	-0.684541	0.027521	-0.657020
0.981000	1.288095	-0.684006	0.026985	-0.657020
0.982000	1.288327	-0.683476	0.026455	-0.657021
0.983000	1.288556	-0.682952	0.025931	-0.657021
0.984000	1.288782	-0.682433	0.025412	-0.657021
0.985000	1.289006	-0.681919	0.024898	-0.657021
0.986000	1.289228	-0.681411	0.024390	-0.657021
0.987000	1.289448	-0.680909	0.023888	-0.657021
0.988000	1.289665	-0.680411	0.023390	-0.657021
0.989000	1.289880	-0.679920	0.022898	-0.657021
0.990000	1.290093	-0.679433	0.022412	-0.657021
0.991000	1.290304	-0.678952	0.021931	-0.657021
0.992000	1.290512	-0.678477	0.021455	-0.657021
0.993000	1.290718	-0.678007	0.020985	-0.657022
0.994000	1.290922	-0.677542	0.020520	-0.657022
0.995000	1.291123	-0.677083	0.020061	-0.657022
0.996000	1.291322	-0.676629	0.019607	-0.657022
0.997000	1.291519	-0.676180	0.019158	-0.657022
0.998000	1.291713	-0.675737	0.018715	-0.657022
0.999000	1.291906	-0.675299	0.018277	-0.657022
1.000000	1.292096	-0.674867	0.017844	-0.657022
1.001000	1.292284	-0.674439	0.017417	-0.657023
1.002000	1.292469	-0.674017	0.016995	-0.657022
1.003000	1.292652	-0.673601	0.016578	-0.657023
1.004000	1.292833	-0.673190	0.016167	-0.657023
1.005000	1.293012	-0.672784	0.015761	-0.657023
1.006000	1.293188	-0.672383	0.015360	-0.657023
1.007000	1.293362	-0.671988	0.014965	-0.657024
1.008000	1.293534	-0.671598	0.014575	-0.657024
1.009000	1.293703	-0.671214	0.014190	-0.657024
1.010000	1.293871	-0.670834	0.013810	-0.657024
1.011000	1.294036	-0.670460	0.013436	-0.657024
1.012000	1.294198	-0.670091	0.013067	-0.657024
1.013000	1.294359	-0.669727	0.012703	-0.657025
1.014000	1.294517	-0.669369	0.012344	-0.657025
1.015000	1.294673	-0.669016	0.011991	-0.657025
1.016000	1.294827	-0.668668	0.011643	-0.657025
1.017000	1.294978	-0.668325	0.011300	-0.657025
1.018000	1.295127	-0.667987	0.010962	-0.657025
1.019000	1.295274	-0.667654	0.010630	-0.657024
1.020000	1.295419	-0.667327	0.010303	-0.657024
1.021000	1.295562	-0.667005	0.009981	-0.657024
1.022000	1.295702	-0.666688	0.009664	-0.657024
1.023000	1.295840	-0.666376	0.009353	-0.657024
1.024000	1.295975	-0.666070	0.009046	-0.657024
1.025000	1.296109	-0.665769	0.008745	-0.657024
1.026000	1.296240	-0.665473	0.008449	-0.657024
1.027000	1.296369	-0.665182	0.008158	-0.657024
1.028000	1.296495	-0.664896	0.007872	-0.657023
1.029000	1.296620	-0.664615	0.007592	-0.657023
1.030000	1.296742	-0.664339	0.007316	-0.657023
1.031000	1.296862	-0.664069	0.007046	-0.657023
1.032000	1.296980	-0.663804	0.006781	-0.657023
1.033000	1.297095	-0.663544	0.006521	-0.657023
1.034000	1.297208	-0.663289	0.006266	-0.657023
1.035000	1.297319	-0.663039	0.006017	-0.657023
1.036000	1.297428	-0.662795	0.005772	-0.657022
1.037000	1.297534	-0.662555	0.005533	-0.657022
1.038000	1.297638	-0.662321	0.005298	-0.657022
1.039000	1.297740	-0.662091	0.005069	-0.657022
1.040000	1.297840	-0.661867	0.004845	-0.657022
1.041000	1.297937	-0.661648	0.004626	-0.657022
1.042000	1.298032	-0.661434	0.004412	-0.657021
1.043000	1.298125	-0.661225	0.004204	-0.657021
1.044000	1.298216	-0.661021	0.004000	-0.657021
1.045000	1.298304	-0.660823	0.003801	-0.657021
1.046000	1.298390	-0.660629	0.003608	-0.657021
1.047000	1.298474	-0.660441	0.003420	-0.657021
1.048000	1.298556	-0.660257	0.003236	-0.657021
1.049000	1.298635	-0.660079	0.003058	-0.657021
1.050000	1.298712	-0.659906	0.002885	-0.657021
1.051000	1.298787	-0.659738	0.002717	-0.657021
1.052000	1.298860	-0.659575	0.002554	-0.657021
1.053000	1.298930	-0.659416	0.002396	-0.657020
1.054000	1.298998	-0.659263	0.002243	-0.657020
1.055000	1.299064	-0.659115	0.002095	-0.657020
1.056000	1.299128	-0.658972	0.001952	-0.657020
1.057000	1.299189	-0.658835	0.001815	-0.657020
1.058000	1.299248	-0.658702	0.001682	-0.657020
1.059000	1.299305	-0.658574	0.001554	-0.657020
1.060000	1.299360	-0.658451	0.001432	-0.657019
1.061000	1.299412	-0.658334	0.001314	-0.657019
1.062000	1.299463	-0.658221	0.001202	-0.657019
1.063000	1.299511	-0.658114	0.001095	-0.657019
1.064000	1.299556	-0.658011	0.000992	-0.657019
1.065000	1.299600	-0.657914	0.000895	-0.657019
1.066000	1.299641	-0.657821	0.000802	-0.657019
1.067000	1.299680	-0.657734	0.000715	-0.657019
1.068000	1.299717	-0.657652	0.000633	-0.657019
1.069000	1.299751	-0.657574	0.000556	-0.657019
1.070000	1.299783	-0.657502	0.000483	-0.657019
1.071000	1.299814	-0.657435	0.000416	-0.657019
1.072000	1.299841	-0.657372	0.000354	-0.657018
1.073000	1.299867	-0.657315	0.000297	-0.657018
1.074000	1.299890	-0.657263	0.000245	-0.657018
1.075000	1.299911	-0.657216	0.000198	-0.657018
1.076000	1.299930	-0.657174	0.000156	-0.657018
1.077000	1.299947	-0.657137	0.000119	-0.657018
1.078000	1.299961	-0.657104	0.000087	-0.657018
1.079000	1.299973	-0.657078	0.000060	-0.657018
1.080000	1.299983	-0.657055	0.000038	-0.657018
1.081000	1.299990	-0.657038	0.000021	-0.657018
1.082000	1.299996	-0.657026	0.000009	-0.657018
1.083000	1.299999	-0.657019	0.000002	-0.657017
1.084000	1.300000	-0.657017	0.000000	-0.657017
1.085000	1.299999	-0.657020	0.000003	-0.657017
1.086000	1.299995	-0.657028	0.000011	-0.657017
1.087000	1.299989	-0.657041	0.000024	-0.657017
1.088000	1.299981	-0.657059	0.000043	-0.657017
1.089000	1.299971	-0.657082	0.000066	-0.657017
1.090000	1.299958	-0.657111	0.000094	-0.657017
1.091000	1.299943	-0.657144	0.000127	-0.657017
1.092000	1.299926	-0.657182	0.000165	-0.657016
1.093000	1.299907	-0.657225	0.000209	-0.657016
1.094000	1.299886	-0.657273	0.000257	-0.657016
1.095000	1.299862	-0.657326	0.000310	-0.657016
1.096000	1.299836	-0.657385	0.000369	-0.657016
1.097000	1.299808	-0.657448	0.000432	-0.657016
1.098000	1.299777	-0.657516	0.000500	-0.657016
1.099000	1.299744	-0.657589	0.000574	-0.657016
1.100000	1.299710	-0.657668	0.000652	-0.657016
1.101000	1.299672	-0.657751	0.000736	-0.657015
1.102000	1.299633	-0.657840	0.000824	-0.657015
1.103000	1.299591	-0.657933	0.000918	-0.657015
1.104000	1.299547	-0.658031	0.001016	-0.657015
1.105000	1.299501	-0.658135	0.001120	-0.657015
1.106000	1.299453	-0.658243	0.001228	-0.657015
1.107000	1.299402	-0.658357	0.001342	-0.657015
1.108000	1.299349	-0.658476	0.001461	-0.657015
1.109000	1.299294	-0.658599	0.001585	-0.657015
1.110000	1.299237	-0.658728	0.001713	-0.657014
1.111000	1.299177	-0.658862	0.001847	-0.657014
1.112000	1.299115	-0.659001	0.001986	-0.657014
1.113000	1.299051	-0.659144	0.002130	-0.657014
1.114000	1.298985	-0.659293	0.002279	-0.657014
1.115000	1.298916	-0.659447	0.002433	-0.657014
1.116000	1.298845	-0.659606	0.002592	-0.657014
1.117000	1.298772	-0.659770	0.002757	-0.657014
1.118000	1.298697	-0.659940	0.002926	-0.657014
1.119000	1.298619	-0.660114	0.003100	-0.657014
1.120000	1.298540	-0.660293	0.003280	-0.657014
1.121000	1.298458	-0.660478	0.003464	-0.657013
1.122000	1.298373	-0.660667	0.003654	-0.657013
1.123000	1.298287	-0.660862	0.003849	-0.657013
1.124000	1.298198	-0.661061	0.004048	-0.657013
1.125000	1.298107	-0.661266	0.004253	-0.657013
1.126000	1.298013	-0.661476	0.004463	-0.657013
1.127000	1.297918	-0.661691	0.004678	-0.657013
1.128000	1.297820	-0.661911	0.004898	-0.657013
1.129000	1.297720	-0.662136	0.005124	-0.657013
1.130000	1.297618	-0.662366	0.005354	-0.657012
1.131000	1.297513	-0.662602	0.005590	-0.657012
1.132000	1.297406	-0.662842	0.005830	-0.657012
1.133000	1.297297	-0.663088	0.006076	-0.657012
1.134000	1.297186	-0.663339	0.006327	-0.657012
1.135000	1.297072	-0.663595	0.006583	-0.657012
1.136000	1.296957	-0.663856	0.006844	-0.657012
1.137000	1.296839	-0.664122	0.007110	-0.657012
1.138000	1.296718	-0.664393	0.007382	-0.657012
1.139000	1.296596	-0.664670	0.007658	-0.657011
1.140000	1.296471	-0.664951	0.007940	-0.657011
1.141000	1.296344	-0.665238	0.008227	-0.657011
1.142000	1.296214	-0.665530	0.008519	-0.657011
1.143000	1.296083	-0.665827	0.008817	-0.657011
1.144000	1.295949	-0.666130	0.009119	-0.657011
1.145000	1.295813	-0.666437	0.009427	-0.657010
1.146000	1.295674	-0.666750	0.009739	-0.657010
1.147000	1.295534	-0.667068	0.010058	-0.657010
1.148000	1.295391	-0.667391	0.010381	-0.657010
1.149000	1.295246	-0.667719	0.010709	-0.657010
1.150000	1.295098	-0.668053	0.011043	-0.657010
1.151000	1.294948	-0.668392	0.011382	-0.657010
1.152000	1.294796	-0.668736	0.011726	-0.657010
1.153000	1.294642	-0.669085	0.012075	-0.657010
1.154000	1.294486	-0.669440	0.012430	-0.657010
1.155000	1.294327	-0.669800	0.012790	-0.657010
1.156000	1.294166	-0.670165	0.013155	-0.657010
1.157000	1.294002	-0.670536	0.013525	-0.657011
1.158000	1.293836	-0.670911	0.013901	-0.657011
1.159000	1.293669	-0.671292	0.014281	-0.657011
1.160000	1.293498	-0.671679	0.014667	-0.657011
1.161000	1.293326	-0.672070	0.015059	-0.657012
1.162000	1.293151	-0.672467	0.015456	-0.657012
1.163000	1.292974	-0.672870	0.015858	-0.657012
1.164000	1.292795	-0.673277	0.016265	-0.657012
1.165000	1.292613	-0.673690	0.016678	-0.657012
1.166000	1.292429	-0.674108	0.017095	-0.657012
1.167000	1.292243	-0.674531	0.017519	-0.657013
1.168000	1.292055	-0.674960	0.017947	-0.657013
1.169000	1.291864	-0.675394	0.018381	-0.657012
1.170000	1.291671	-0.675833	0.018820	-0.657013
1.171000	1.291476	-0.676278	0.019265	-0.657012
1.172000	1.291279	-0.676728	0.019715	-0.657013
1.173000	1.291079	-0.677183	0.020170	-0.657013
1.174000	1.290877	-0.677644	0.020631	-0.657013
1.175000	1.290673	-0.678110	0.021097	-0.657013
1.176000	1.290466	-0.678582	0.021569	-0.657013
1.177000	1.290257	-0.679059	0.022046	-0.657013
1.178000	1.290046	-0.679541	0.022528	-0.657013
1.179000	1.289832	-0.680029	0.023016	-0.657014
1.180000	1.289617	-0.680523	0.023509	-0.657014
1.181000	1.289399	-0.681021	0.024007	-0.657014
1.182000	1.289178	-0.681525	0.024511	-0.657014
1.183000	1.288956	-0.682035	0.025021	-0.657014
1.184000	1.288731	-0.682550	0.025536	-0.657014
1.185000	1.288504	-0.683070	0.026056	-0.657014
1.186000	1.288274	-0.683596	0.026582	-0.657015
1.187000	1.288042	-0.684128	0.027113	-0.657015
1.188000	1.287808	-0.684664	0.027650	-0.657015
1.189000	1.287572	-0.685207	0.028192	-0.657015
1.190000	1.287333	-0.685755	0.028740	-0.657015
1.191000	1.287092	-0.686308	0.029293	-0.657015
1.192000	1.286849	-0.686867	0.029852	-0.657015
1.193000	1.286604	-0.687431	0.030416	-0.657015
1.194000	1.286356	-0.688001	0.030986	-0.657015
1.195000	1.286106	-0.688577	0.031561	-0.657015
1.196000	1.285853	-0.689158	0.032142	-0.657015
1.197000	1.285599	-0.689744	0.032729	-0.657016
1.198000	1.285342	-0.690336	0.033321	-0.657016
1.199000	1.285082	-0.690934	0.033918	-0.657016
1.200000	1.284820	-0.691538	0.034522	-0.657016
1.201000	1.284557	-0.692146	0.035130	-0.657016
1.202000	1.284290	-0.692761	0.035745	-0.657016
1.203000	1.284022	-0.693381	0.036365	-0.657016
1.204000	1.283751	-0.694007	0.036990	-0.657016
1.205000	1.283478	-0.694638	0.037622	-0.657017
1.206000	1.283202	-0.695275	0.038259	-0.657017
1.207000	1.282924	-0.695918	0.038901	-0.657017
1.208000	1.282644	-0.696566	0.039549	-0.657017
1.209000	1.282362	-0.697220	0.040203	-0.657017
1.210000	1.282077	-0.697879	0.040863	-0.657017
1.211000	1.281790	-0.698545	0.041528	-0.657017
1.212000	1.281500	-0.699216	0.042199	-0.657017
1.213000	1.281209	-0.699893	0.042875	-0.657017
1.214000	1.280915	-0.700575	0.043557	-0.657017
1.215000	1.280618	-0.701263	0.044245	-0.657017
1.216000	1.280320	-0.701956	0.044939	-0.657017
1.217000	1.280019	-0.702656	0.045639	-0.657017
1.218000	1.279716	-0.703361	0.046344	-0.657017
1.219000	1.279410	-0.704072	0.047055	-0.657017
1.220000	1.279102	-0.704789	0.047771	-0.657017
1.221000	1.278792	-0.705511	0.048494	-0.657017
1.222000	1.278479	-0.706239	0.049222	-0.657017
1.223000	1.278164	-0.706973	0.049956	-0.657017
1.224000	1.277847	-0.707713	0.050695	-0.657018
1.225000	1.277527	-0.708458	0.051441	-0.657018
1.226000	1.277205	-0.709210	0.052192	-0.657018
1.227000	1.276881	-0.709967	0.052949	-0.657018
1.228000	1.276554	-0.710730	0.053712	-0.657018
1.229000	1.276225	-0.711499	0.054481	-0.657018
1.230000	1.275894	-0.712274	0.055256	-0.657018
1.231000	1.275560	-0.713054	0.056036	-0.657018
1.232000	1.275225	-0.713840	0.056822	-0.657018
1.233000	1.274886	-0.714633	0.057614	-0.657018
1.234000	1.274546	-0.715431	0.058412	-0.657018
1.235000	1.274203	-0.716234	0.059216	-0.657018
1.236000	1.273857	-0.717044	0.060026	-0.657018
1.237000	1.273510	-0.717860	0.060842	-0.657018
1.238000	1.273160	-0.718682	0.061663	-0.657019
1.239000	1.272807	-0.719509	0.062491	-0.657019
1.240000	1.272452	-0.720343	0.063324	-0.657019
1.241000	1.272095	-0.721182	0.064163	-0.657019
1.242000	1.271736	-0.722027	0.065008	-0.657019
1.243000	1.271374	-0.722878	0.065859	-0.657019
1.244000	1.271010	-0.723735	0.066716	-0.657019
1.245000	1.270644	-0.724598	0.067579	-0.657019
1.246000	1.270275	-0.725466	0.068448	-0.657019
1.247000	1.269904	-0.726341	0.069323	-0.657019
1.248000	1.269530	-0.727222	0.070203	-0.657019
1.249000	1.269154	-0.728109	0.071090	-0.657019
1.250000	1.268776	-0.729002	0.071983	-0.657019
1.251000	1.268395	-0.729900	0.072881	-0.657019
1.252000	1.268012	-0.730805	0.073786	-0.657019
1.253000	1.267627	-0.731716	0.074696	-0.657019
1.254000	1.267239	-0.732632	0.075613	-0.657019
1.255000	1.266849	-0.733554	0.076536	-0.657019
1.256000	1.266457	-0.734483	0.077464	-0.657019
1.257000	1.266062	-0.735417	0.078399	-0.657019
1.258000	1.265665	-0.736358	0.079339	-0.657019
1.259000	1.265265	-0.737305	0.080286	-0.657019
1.260000	1.264863	-0.738257	0.081238	-0.657019
1.261000	1.264459	-0.739216	0.082197	-0.657019
1.262000	1.264052	-0.740180	0.083161	-0.657019
1.263000	1.263643	-0.741151	0.084132	-0.657019
1.264000	1.263232	-0.742127	0.085108	-0.657019
1.265000	1.262818	-0.743110	0.086091	-0.657019
1.266000	1.262402	-0.744099	0.087079	-0.657019
1.267000	1.261984	-0.745093	0.088074	-0.657019
1.268000	1.261563	-0.746094	0.089075	-0.657019
1.269000	1.261139	-0.747101	0.090081	-0.657019
1.270000	1.260714	-0.748114	0.091094	-0.657020
1.271000	1.260285	-0.749132	0.092113	-0.657020
1.272000	1.259855	-0.750157	0.093137	-0.657020
1.273000	1.259422	-0.751188	0.094168	-0.657020
1.274000	1.258987	-0.752224	0.095205	-0.657019
1.275000	1.258550	-0.753267	0.096248	-0.657019
1.276000	1.258110	-0.754316	0.097296	-0.657019
1.277000	1.257668	-0.755370	0.098351	-0.657019
1.278000	1.257223	-0.756431	0.099412	-0.657019
1.279000	1.256776	-0.757498	0.100479	-0.657019
1.280000	1.256326	-0.758570	0.101552	-0.657019
1.281000	1.255875	-0.759649	0.102631	-0.657019
1.282000	1.255420	-0.760734	0.103715	-0.657019
1.283000	1.254964	-0.761825	0.104806	-0.657019
1.284000	1.254505	-0.762922	0.105903	-0.657019
1.285000	1.254043	-0.764025	0.107006	-0.657019
1.286000	1.253579	-0.765134	0.108115	-0.657019
1.287000	1.253113	-0.766249	0.109229	-0.657019
1.288000	1.252644	-0.767369	0.110350	-0.657019
1.289000	1.252173	-0.768496	0.111477	-0.657019
1.290000	1.251700	-0.769629	0.112609	-0.657019
1.291000	1.251224	-0.770767	0.113748	-0.657019
1.292000	1.250746	-0.771912	0.114892	-0.657019
1.293000	1.250266	-0.773062	0.116043	-0.657019
1.294000	1.249783	-0.774218	0.117199	-0.657019
1.295000	1.249297	-0.775380	0.118361	-0.657019
1.296000	1.248810	-0.776549	0.119530	-0.657019
1.297000	1.248320	-0.777722	0.120704	-0.657019
1.298000	1.247827	-0.778902	0.121883	-0.657019
1.299000	1.247332	-0.780088	0.123069	-0.657019
1.300000	1.246835	-0.781280	0.124261	-0.657019
1.301000	1.246335	-0.782477	0.125458	-0.657019
1.302000	1.245833	-0.783680	0.126661	-0.657019
1.303000	1.245328	-0.784889	0.127870	-0.657019
1.304000	1.244822	-0.786104	0.129085	-0.657019
1.305000	1.244312	-0.787324	0.130305	-0.657019
1.306000	1.243801	-0.788550	0.131532	-0.657019
1.307000	1.243287	-0.789782	0.132764	-0.657019
1.308000	1.242770	-0.791020	0.134001	-0.657019
1.309000	1.242251	-0.792263	0.135245	-0.657019
1.310000	1.241730	-0.793513	0.136494	-0.657019
1.311000	1.241206	-0.794767	0.137748	-0.657019
1.312000	1.240680	-0.796027	0.139009	-0.657019
1.313000	1.240152	-0.797293	0.140274	-0.657019
1.314000	1.239621	-0.798564	0.141546	-0.657019
1.315000	1.239088	-0.799841	0.142823	-0.657019
1.316000	1.238552	-0.801124	0.144105	-0.657019
1.317000	1.238014	-0.802411	0.145393	-0.657018
1.318000	1.237473	-0.803705	0.146686	-0.657019
1.319000	1.236931	-0.805004	0.147985	-0.657019
1.320000	1.236385	-0.806308	0.149289	-0.657019
1.321000	1.235838	-0.807617	0.150599	-0.657019
1.322000	1.235288	-0.808932	0.151914	-0.657019
1.323000	1.234735	-0.810253	0.153234	-0.657019
1.324000	1.234180	-0.811578	0.154559	-0.657019
1.325000	1.233623	-0.812909	0.155890	-0.657019
1.326000	1.233064	-0.814244	0.157225	-0.657019
1.327000	1.232502	-0.815585	0.158566	-0.657019
1.328000	1.231937	-0.816931	0.159912	-0.657019
1.329000	1.231371	-0.818282	0.161263	-0.657019
1.330000	1.230802	-0.819638	0.162619	-0.657019
1.331000	1.230230	-0.820999	0.163980	-0.657019
1.332000	1.229656	-0.822365	0.165346	-0.657019
1.333000	1.229080	-0.823736	0.166717	-0.657019
1.334000	1.228501	-0.825112	0.168093	-0.657019
1.335000	1.227920	-0.826492	0.169473	-0.657019
1.336000	1.227337	-0.827877	0.170858	-0.657019
1.337000	1.226751	-0.829267	0.172248	-0.657019
1.338000	1.226163	-0.830662	0.173642	-0.657019
1.339000	1.225572	-0.832060	0.175041	-0.657019
1.340000	1.224980	-0.833464	0.176445	-0.657019
1.341000	1.224384	-0.834872	0.177852	-0.657019
1.342000	1.223787	-0.836284	0.179265	-0.657019
1.343000	1.223187	-0.837700	0.180681	-0.657019
1.344000	1.222584	-0.839121	0.182102	-0.657019
1.345000	1.221980	-0.840546	0.183527	-0.657019
1.346000	1.221373	-0.841975	0.184956	-0.657019
1.347000	1.220763	-0.843409	0.186389	-0.657019
1.348000	1.220152	-0.844846	0.187826	-0.657019
1.349000	1.219538	-0.846287	0.189267	-0.657019
1.350000	1.218921	-0.847732	0.190712	-0.657019
1.351000	1.218302	-0.849180	0.192161	-0.657019
1.352000	1.217681	-0.850633	0.193613	-0.657019
1.353000	1.217058	-0.852088	0.195069	-0.657019
1.354000	1.216432	-0.853548	0.196528	-0.657020
1.355000	1.215804	-0.855011	0.197991	-0.657020
1.356000	1.215173	-0.856477	0.199457	-0.657020
1.357000	1.214541	-0.857946	0.200927	-0.657020
1.358000	1.213905	-0.859419	0.202399	-0.657020
1.359000	1.213268	-0.860895	0.203875	-0.657020
1.360000	1.212628	-0.862373	0.205353	-0.657020
1.361000	1.211986	-0.863855	0.206834	-0.657020
1.362000	1.211342	-0.865339	0.208318	-0.657020
1.363000	1.210695	-0.866826	0.209805	-0.657021
1.364000	1.210046	-0.868315	0.211294	-0.657021
1.365000	1.209395	-0.869807	0.212786	-0.657021
1.366000	1.208741	-0.871301	0.214280	-0.657021
1.367000	1.208086	-0.872797	0.215776	-0.657021
1.368000	1.207427	-0.874296	0.217274	-0.657021
1.369000	1.206767	-0.875796	0.218775	-0.657021
1.370000	1.206104	-0.877298	0.220277	-0.657022
1.371000	1.205439	-0.878802	0.221781	-0.657021
1.372000	1.204772	-0.880307	0.223286	-0.657021
1.373000	1.204103	-0.881814	0.224793	-0.657021
1.374000	1.203431	-0.883322	0.226301	-0.657021
1.375000	1.202758	-0.884831	0.227810	-0.657021
1.376000	1.202082	-0.886341	0.229320	-0.657021
1.377000	1.201403	-0.887853	0.230832	-0.657021
1.378000	1.200723	-0.889364	0.232344	-0.657021
1.379000	1.200040	-0.890877	0.233856	-0.657021
1.380000	1.199355	-0.892390	0.235369	-0.657021
1.381000	1.198668	-0.893903	0.236882	-0.657021
1.382000	1.197978	-0.895416	0.238396	-0.657020
1.383000	1.197287	-0.896930	0.239909	-0.657020
1.384000	1.196593	-0.898443	0.241422	-0.657020
1.385000	1.195897	-0.899956	0.242935	-0.657020
1.386000	1.195199	-0.901468	0.244447	-0.657020
1.387000	1.194499	-0.902979	0.245959	-0.657020
1.388000	1.193796	-0.904490	0.247470	-0.657020
1.389000	1.193092	-0.906000	0.248979	-0.657020
1.390000	1.192385	-0.907508	0.250487	-0.657021
1.391000	1.191676	-0.909015	0.251994	-0.657021
1.392000	1.190965	-0.910519	0.253499	-0.657020
1.393000	1.190252	-0.912023	0.255002	-0.657020
1.394000	1.189537	-0.913524	0.256503	-0.657021
1.395000	1.188820	-0.915023	0.258002	-0.657021
1.396000	1.188100	-0.916519	0.259498	-0.657021
1.397000	1.187379	-0.918012	0.260992	-0.657021
1.398000	1.186655	-0.919503	0.262482	-0.657021
1.399000	1.185929	-0.920991	0.263970	-0.657021
1.400000	1.185202	-0.922475	0.265453	-0.657021
1.401000	1.184472	-0.923955	0.266934	-0.657021
1.402000	1.183740	-0.925431	0.268410	-0.657021
1.403000	1.183007	-0.926903	0.269882	-0.657021
1.404000	1.182271	-0.928371	0.271350	-0.657021
1.405000	1.181534	-0.929834	0.272813	-0.657021
1.406000	1.180794	-0.931293	0.274272	-0.657021
1.407000	1.180052	-0.932746	0.275725	-0.657021
1.408000	1.179309	-0.934193	0.277173	-0.657021
1.409000	1.178563	-0.935635	0.278615	-0.657021
1.410000	1.177816	-0.937072	0.280051	-0.657021
1.411000	1.177067	-0.938501	0.281480	-0.657021
1.412000	1.176315	-0.939924	0.282904	-0.657021
1.413000	1.175562	-0.941341	0.284320	-0.657021
1.414000	1.174807	-0.942750	0.285729	-0.657021
1.415000	1.174050	-0.944152	0.287131	-0.657021
1.416000	1.173291	-0.945546	0.288525	-0.657021
1.417000	1.172531	-0.946931	0.289910	-0.657021
1.418000	1.171768	-0.948309	0.291288	-0.657021
1.419000	1.171004	-0.949678	0.292656	-0.657022
1.420000	1.170238	-0.951037	0.294016	-0.657021
1.421000	1.169471	-0.952388	0.295366	-0.657021
1.422000	1.168701	-0.953728	0.296707	-0.657021
1.423000	1.167930	-0.955058	0.298037	-0.657021
1.424000	1.167157	-0.956378	0.299357	-0.657021
1.425000	1.166383	-0.957687	0.300666	-0.657021
1.426000	1.165606	-0.958985	0.301964	-0.657021
1.427000	1.164828	-0.960271	0.303250	-0.657021
1.428000	1.164049	-0.961546	0.304524	-0.657021
1.429000	1.163267	-0.962808	0.305786	-0.657021
1.430000	1.162485	-0.964057	0.307036	-0.657022
1.431000	1.161700	-0.965294	0.308272	-0.657022
1.432000	1.160914	-0.966516	0.309494	-0.657022
1.433000	1.160126	-0.967725	0.310703	-0.657022
1.434000	1.159337	-0.968920	0.311898	-0.657022
1.435000	1.158547	-0.970099	0.313077	-0.657022
1.436000	1.157755	-0.971264	0.314242	-0.657022
1.437000	1.156961	-0.972413	0.315391	-0.657022
1.438000	1.156167	-0.973545	0.316524	-0.657022
1.439000	1.155370	-0.974662	0.317640	-0.657022
1.440000	1.154572	-0.975761	0.318739	-0.657022
1.441000	1.153773	-0.976843	0.319821	-0.657022
1.442000	1.152973	-0.977908	0.320886	-0.657022
1.443000	1.152171	-0.978953	0.321931	-0.657022
1.444000	1.151368	-0.979980	0.322958	-0.657022
1.445000	1.150564	-0.980988	0.323966	-0.657022
1.446000	1.149758	-0.981976	0.324954	-0.657022
1.447000	1.148951	-0.982944	0.325922	-0.657022
1.448000	1.148143	-0.983891	0.326869	-0.657022
1.449000	1.147334	-0.984817	0.327794	-0.657022
1.450000	1.146524	-0.985721	0.328698	-0.657022
1.451000	1.145713	-0.986602	0.329580	-0.657022
1.452000	1.144900	-0.987461	0.330439	-0.657022
1.453000	1.144087	-0.988297	0.331274	-0.657022
1.454000	1.143272	-0.989108	0.332086	-0.657022
1.455000	1.142457	-0.989895	0.332873	-0.657022
1.456000	1.141641	-0.990658	0.333635	-0.657022
1.457000	1.140823	-0.991395	0.334372	-0.657022
1.458000	1.140005	-0.992106	0.335083	-0.657022
1.459000	1.139186	-0.992790	0.335767	-0.657023
1.460000	1.138366	-0.993447	0.336424	-0.657023
1.461000	1.137545	-0.994076	0.337054	-0.657022
1.462000	1.136724	-0.994677	0.337655	-0.657023
1.463000	1.135902	-0.995249	0.338227	-0.657023
1.464000	1.135079	-0.995792	0.338770	-0.657023
1.465000	1.134256	-0.996305	0.339282	-0.657023
1.466000	1.133432	-0.996787	0.339764	-0.657023
1.467000	1.132607	-0.997238	0.340215	-0.657023
1.468000	1.131782	-0.997657	0.340634	-0.657023
1.469000	1.130956	-0.998044	0.341021	-0.657023
1.470000	1.130130	-0.998398	0.341375	-0.657023
1.471000	1.129304	-0.998718	0.341695	-0.657023
1.472000	1.128477	-0.999004	0.341981	-0.657023
1.473000	1.127649	-0.999255	0.342232	-0.657023
1.474000	1.126822	-0.999471	0.342448	-0.657023
1.475000	1.125994	-0.999651	0.342628	-0.657023
1.476000	1.125166	-0.999795	0.342771	-0.657023
1.477000	1.124338	-0.999901	0.342877	-0.657023
1.478000	1.123510	-0.999969	0.342945	-0.657023
1.479000	1.122682	-0.999999	0.342975	-0.657023
1.480000	1.121854	-0.999989	0.342966	-0.657023
1.481000	1.121025	-0.999941	0.342917	-0.657024
1.482000	1.120197	-0.999851	0.342828	-0.657024
1.483000	1.119369	-0.999721	0.342698	-0.657024
1.484000	1.118542	-0.999550	0.342526	-0.657024
1.485000	1.117714	-0.999336	0.342313	-0.657024
1.486000	1.116887	-0.999080	0.342057	-0.657024
1.487000	1.116060	-0.998781	0.341757	-0.657024
1.488000	1.115233	-0.998438	0.341414	-0.657024
1.489000	1.114407	-0.998050	0.341026	-0.657024
1.490000	1.113582	-0.997617	0.340593	-0.657024
1.491000	1.112756	-0.997139	0.340115	-0.657024
1.492000	1.111932	-0.996615	0.339591	-0.657024
1.493000	1.111108	-0.996044	0.339020	-0.657024
1.494000	1.110285	-0.995426	0.338401	-0.657024
1.495000	1.109463	-0.994760	0.337735	-0.657024
1.496000	1.108642	-0.994045	0.337021	-0.657025
1.497000	1.107821	-0.993282	0.336258	-0.657025
1.498000	1.107002	-0.992470	0.335445	-0.657025
1.499000	1.106183	-0.991607	0.334583	-0.657025
1.500000	1.105366	-0.990695	0.333670	-0.657025
1.501000	1.104549	-0.989731	0.332706	-0.657025
1.502000	1.103734	-0.988716	0.331692	-0.657025
1.503000	1.102920	-0.987650	0.330625	-0.657025
1.504000	1.102108	-0.986531	0.329506	-0.657025
1.505000	1.101297	-0.985360	0.328335	-0.657025
1.506000	1.100487	-0.984136	0.327111	-0.657025
1.507000	1.099679	-0.982858	0.325833	-0.657025
1.508000	1.098872	-0.981527	0.324502	-0.657025
1.509000	1.098068	-0.980141	0.323116	-0.657025
1.510000	1.097265	-0.978702	0.321677	-0.657025
1.511000	1.096464	-0.977207	0.320182	-0.657025
1.512000	1.095664	-0.975658	0.318633	-0.657025
1.513000	1.094867	-0.974053	0.317028	-0.657025
1.514000	1.094072	-0.972393	0.315368	-0.657025
1.515000	1.093279	-0.970678	0.313652	-0.657025
1.516000	1.092488	-0.968906	0.311881	-0.657025
1.517000	1.091699	-0.967079	0.310053	-0.657025
1.518000	1.090913	-0.965195	0.308170	-0.657025
1.519000	1.090129	-0.963255	0.306230	-0.657025
1.520000	1.089347	-0.961259	0.304234	-0.657025
1.521000	1.088569	-0.959207	0.302182	-0.657025
1.522000	1.087793	-0.957098	0.300073	-0.657026
1.523000	1.087019	-0.954934	0.297908	-0.657026
1.524000	1.086249	-0.952712	0.295687	-0.657026
1.525000	1.085481	-0.950435	0.293410	-0.657025
1.526000	1.084717	-0.948102	0.291077	-0.657026
1.527000	1.083956	-0.945713	0.288688	-0.657026
1.528000	1.083197	-0.943269	0.286243	-0.657026
1.529000	1.082442	-0.940769	0.283744	-0.657026
1.530000	1.081691	-0.938215	0.281189	-0.657026
1.531000	1.080942	-0.935605	0.278580	-0.657026
1.532000	1.080198	-0.932942	0.275916	-0.657026
1.533000	1.079457	-0.930224	0.273199	-0.657025
1.534000	1.078719	-0.927454	0.270428	-0.657025
1.535000	1.077986	-0.924631	0.267605	-0.657026
1.536000	1.077256	-0.921754	0.264729	-0.657025
1.537000	1.076530	-0.918827	0.261802	-0.657025
1.538000	1.075809	-0.915849	0.258824	-0.657025
1.539000	1.075092	-0.912821	0.255795	-0.657026
1.540000	1.074378	-0.909743	0.252718	-0.657026
1.541000	1.073670	-0.906616	0.249591	-0.657025
1.542000	1.072965	-0.903442	0.246417	-0.657025
1.543000	1.072266	-0.900221	0.243196	-0.657025
1.544000	1.071571	-0.896954	0.239929	-0.657026
1.545000	1.070880	-0.893643	0.236617	-0.657026
1.546000	1.070195	-0.890287	0.233261	-0.657025
1.547000	1.069514	-0.886888	0.229863	-0.657025
1.548000	1.068839	-0.883448	0.226424	-0.657025
1.549000	1.068168	-0.879969	0.222944	-0.657025
1.550000	1.067503	-0.876450	0.219425	-0.657025
1.551000	1.066843	-0.872894	0.215869	-0.657025
1.552000	1.066189	-0.869302	0.212277	-0.657025
1.553000	1.065540	-0.865674	0.208650	-0.657024
1.554000	1.064897	-0.862015	0.204990	-0.657025
1.555000	1.064260	-0.858324	0.201299	-0.657025
1.556000	1.063628	-0.854602	0.197578	-0.657025
1.557000	1.063002	-0.850853	0.193828	-0.657025
1.558000	1.062383	-0.847077	0.190053	-0.657024
1.559000	1.061769	-0.843277	0.186253	-0.657024
1.560000	1.061162	-0.839454	0.182430	-0.657024
1.561000	1.060561	-0.835611	0.178586	-0.657024
1.562000	1.059967	-0.831748	0.174724	-0.657024
1.563000	1.059379	-0.827868	0.170845	-0.657024
1.564000	1.058798	-0.823975	0.166951	-0.657024
1.565000	1.058223	-0.820068	0.163045	-0.657024
1.566000	1.057656	-0.816152	0.159128	-0.657024
1.567000	1.057095	-0.812227	0.155203	-0.657024
1.568000	1.056542	-0.808296	0.151272	-0.657024
1.569000	1.055995	-0.804362	0.147338	-0.657024
1.570000	1.055456	-0.800426	0.143402	-0.657023
1.571000	1.054924	-0.796492	0.139468	-0.657023
1.572000	1.054400	-0.792562	0.135538	-0.657024
1.573000	1.053883	-0.788637	0.131613	-0.657023
1.574000	1.053373	-0.784721	0.127697	-0.657023
1.575000	1.052872	-0.780816	0.123793	-0.657023
1.576000	1.052378	-0.776925	0.119902	-0.657023
1.577000	1.051893	-0.773050	0.116028	-0.657022
1.578000	1.051415	-0.769195	0.112173	-0.657023
1.579000	1.050945	-0.765362	0.108339	-0.657022
1.580000	1.050484	-0.761552	0.104530	-0.657022
1.581000	1.050031	-0.757770	0.100748	-0.657021
1.582000	1.049586	-0.754017	0.096996	-0.657020
1.583000	1.049150	-0.750297	0.093277	-0.657020
1.584000	1.048722	-0.746613	0.089593	-0.657020
1.585000	1.048303	-0.742967	0.085947	-0.657020
1.586000	1.047893	-0.739362	0.082342	-0.657020
1.587000	1.047492	-0.735801	0.078781	-0.657020
1.588000	1.047099	-0.732285	0.075265	-0.657019
1.589000	1.046715	-0.728819	0.071800	-0.657019
1.590000	1.046341	-0.725404	0.068386	-0.657018
1.591000	1.045976	-0.722044	0.065026	-0.657018
1.592000	1.045620	-0.718743	0.061724	-0.657019
1.593000	1.045273	-0.715501	0.058482	-0.657019
1.594000	1.044936	-0.712321	0.055303	-0.657018
1.595000	1.044608	-0.709207	0.052189	-0.657018
1.596000	1.044290	-0.706160	0.049142	-0.657018
1.597000	1.043981	-0.703184	0.046167	-0.657017
1.598000	1.043682	-0.700282	0.043264	-0.657017
1.599000	1.043393	-0.697454	0.040437	-0.657017
1.600000	1.043113	-0.694704	0.037688	-0.657016
1.601000	1.042843	-0.692035	0.035019	-0.657016
1.602000	1.042584	-0.689450	0.032433	-0.657017
1.603000	1.042334	-0.686949	0.029932	-0.657017
1.604000	1.042095	-0.684535	0.027518	-0.657017
1.605000	1.041865	-0.682210	0.025194	-0.657017
1.606000	1.041646	-0.679978	0.022961	-0.657017
1.607000	1.041436	-0.677838	0.020821	-0.657016
1.608000	1.041237	-0.675793	0.018777	-0.657016
1.609000	1.041049	-0.673846	0.016831	-0.657015
1.610000	1.040870	-0.671998	0.014983	-0.657015
1.611000	1.040703	-0.670251	0.013236	-0.657015
1.612000	1.040545	-0.668607	0.011592	-0.657015
1.613000	1.040398	-0.667067	0.010051	-0.657016
1.614000	1.040262	-0.665632	0.008616	-0.657016
1.615000	1.040136	-0.664304	0.007288	-0.657016
1.616000	1.040020	-0.663083	0.006067	-0.657015
1.617000	1.039915	-0.661971	0.004956	-0.657015
1.618000	1.039821	-0.660971	0.003955	-0.657016
1.619000	1.039737	-0.660081	0.003065	-0.657016
1.620000	1.039665	-0.659304	0.002287	-0.657017
1.621000	1.039602	-0.658639	0.001622	-0.657017
1.622000	1.039551	-0.658088	0.001070	-0.657018
1.623000	1.039510	-0.657650	0.000633	-0.657017
1.624000	1.039480	-0.657327	0.000309	-0.657018
1.625000	1.039460	-0.657118	0.000100	-0.657018
1.626000	1.039451	-0.657023	0.000006	-0.657017
1.627000	1.039453	-0.657043	0.000027	-0.657017
1.628000	1.039466	-0.657179	0.000162	-0.657017
1.629000	1.039489	-0.657429	0.000413	-0.657017
1.630000	1.039523	-0.657794	0.000778	-0.657017
1.631000	1.039568	-0.658273	0.001257	-0.657016
1.632000	1.039624	-0.658867	0.001850	-0.657018
1.633000	1.039690	-0.659573	0.002556	-0.657017
1.634000	1.039767	-0.660393	0.003374	-0.657019
1.635000	1.039854	-0.661323	0.004304	-0.657019
1.636000	1.039952	-0.662364	0.005345	-0.657019
1.637000	1.040061	-0.663514	0.006496	-0.657018
1.638000	1.040180	-0.664773	0.007756	-0.657017
1.639000	1.040310	-0.666141	0.009123	-0.657018
1.640000	1.040450	-0.667614	0.010596	-0.657018
1.641000	1.040601	-0.669192	0.012174	-0.657017
1.642000	1.040762	-0.670874	0.013856	-0.657018
1.643000	1.040934	-0.672657	0.015639	-0.657018
1.644000	1.041116	-0.674541	0.017523	-0.657018
1.645000	1.041308	-0.676522	0.019505	-0.657017
1.646000	1.041511	-0.678601	0.021584	-0.657017
1.647000	1.041724	-0.680775	0.023757	-0.657018
1.648000	1.041947	-0.683042	0.026024	-0.657018
1.649000	1.042180	-0.685400	0.028381	-0.657020
1.650000	1.042424	-0.687846	0.030826	-0.657020
1.651000	1.042677	-0.690378	0.033358	-0.657020
1.652000	1.042940	-0.692995	0.035974	-0.657021
1.653000	1.043213	-0.695694	0.038672	-0.657021
1.654000	1.043496	-0.698471	0.041450	-0.657021
1.655000	1.043789	-0.701326	0.044305	-0.657021
1.656000	1.044092	-0.704255	0.047234	-0.657021
1.657000	1.044404	-0.707256	0.050235	-0.657021
1.658000	1.044726	-0.710327	0.053306	-0.657020
1.659000	1.045057	-0.713465	0.056444	-0.657021
1.660000	1.045398	-0.716667	0.059647	-0.657021
1.661000	1.045748	-0.719931	0.062911	-0.657020
1.662000	1.046107	-0.723255	0.066234	-0.657021
1.663000	1.046476	-0.726635	0.069613	-0.657022
1.664000	1.046853	-0.730068	0.073046	-0.657022
1.665000	1.047240	-0.733552	0.076530	-0.657021
1.666000	1.047636	-0.737084	0.080062	-0.657022
1.667000	1.048040	-0.740662	0.083640	-0.657022
1.668000	1.048454	-0.744283	0.087260	-0.657023
1.669000	1.048876	-0.747943	0.090920	-0.657023
1.670000	1.049307	-0.751640	0.094617	-0.657023
1.671000	1.049746	-0.755371	0.098349	-0.657023
1.672000	1.050194	-0.759134	0.102112	-0.657022
1.673000	1.050650	-0.762926	0.105904	-0.657022
1.674000	1.051114	-0.766745	0.109722	-0.657023
1.675000	1.051587	-0.770587	0.113563	-0.657023
1.676000	1.052067	-0.774450	0.117426	-0.657024
1.677000	1.052556	-0.778330	0.121306	-0.657024
1.678000	1.053052	-0.782226	0.125202	-0.657024
1.679000	1.053557	-0.786136	0.129111	-0.657025
1.680000	1.054069	-0.790056	0.133030	-0.657025
1.681000	1.054588	-0.793983	0.136957	-0.657025
1.682000	1.055115	-0.797914	0.140889	-0.657025
1.683000	1.055650	-0.801849	0.144824	-0.657025
1.684000	1.056192	-0.805785	0.148759	-0.657026
1.685000	1.056741	-0.809719	0.152693	-0.657026
1.686000	1.057297	-0.813648	0.156622	-0.657027
1.687000	1.057860	-0.817570	0.160544	-0.657027
1.688000	1.058430	-0.821483	0.164457	-0.657026
1.689000	1.059007	-0.825386	0.168359	-0.657027
1.690000	1.059591	-0.829275	0.172248	-0.657027
1.691000	1.060181	-0.833149	0.176121	-0.657028
1.692000	1.060778	-0.837004	0.179977	-0.657028
1.693000	1.061381	-0.840841	0.183813	-0.657028
1.694000	1.061991	-0.844656	0.187628	-0.657028
1.695000	1.062606	-0.848447	0.191419	-0.657028
1.696000	1.063228	-0.852214	0.195186	-0.657028
1.697000	1.063856	-0.855953	0.198925	-0.657028
1.698000	1.064490	-0.859664	0.202635	-0.657028
1.699000	1.065129	-0.863343	0.206315	-0.657028
1.700000	1.065774	-0.866992	0.209963	-0.657028
1.701000	1.066425	-0.870606	0.213578	-0.657029
1.702000	1.067082	-0.874186	0.217157	-0.657029
1.703000	1.067743	-0.877729	0.220700	-0.657029
1.704000	1.068410	-0.881233	0.224204	-0.657029
1.705000	1.069083	-0.884699	0.227670	-0.657029
1.706000	1.069760	-0.888123	0.231095	-0.657029
1.707000	1.070442	-0.891506	0.234477	-0.657029
1.708000	1.071130	-0.894847	0.237817	-0.657030
1.709000	1.071822	-0.898142	0.241113	-0.657029
1.710000	1.072518	-0.901393	0.244363	-0.657029
1.711000	1.073220	-0.904596	0.247568	-0.657029
1.712000	1.073926	-0.907754	0.250725	-0.657029
1.713000	1.074636	-0.910863	0.253834	-0.657029
1.714000	1.075351	-0.913923	0.256894	-0.657029
1.715000	1.076070	-0.916934	0.259904	-0.657030
1.716000	1.076793	-0.919893	0.262864	-0.657030
1.717000	1.077520	-0.922802	0.265772	-0.657029
1.718000	1.078251	-0.925659	0.268629	-0.657029
1.719000	1.078986	-0.928463	0.271433	-0.657030
1.720000	1.079725	-0.931215	0.274185	-0.657030
1.721000	1.080467	-0.933912	0.276883	-0.657030
1.722000	1.081213	-0.936556	0.279526	-0.657030
1.723000	1.081962	-0.939145	0.282116	-0.657030
1.724000	1.082715	-0.941680	0.284651	-0.657030
1.725000	1.083471	-0.944160	0.287130	-0.657029
1.726000	1.084231	-0.946584	0.289555	-0.657030
1.727000	1.084993	-0.948953	0.291923	-0.657030
1.728000	1.085759	-0.951266	0.294236	-0.657030
1.729000	1.086527	-0.953523	0.296493	-0.657030
1.730000	1.087299	-0.955724	0.298694	-0.657030
1.731000	1.088073	-0.957868	0.300838	-0.657030
1.732000	1.088850	-0.959956	0.302927	-0.657030
1.733000	1.089630	-0.961988	0.304959	-0.657029
1.734000	1.090412	-0.963964	0.306934	-0.657029
1.735000	1.091197	-0.965883	0.308854	-0.657029
1.736000	1.091984	-0.967746	0.310717	-0.657029
1.737000	1.092774	-0.969554	0.312524	-0.657029
1.738000	1.093565	-0.971305	0.314276	-0.657029
1.739000	1.094359	-0.973000	0.315971	-0.657029
1.740000	1.095155	-0.974640	0.317611	-0.657029
1.741000	1.095953	-0.976225	0.319196	-0.657029
1.742000	1.096753	-0.977754	0.320725	-0.657029
1.743000	1.097555	-0.979229	0.322200	-0.657029
1.744000	1.098359	-0.980649	0.323620	-0.657029
1.745000	1.099164	-0.982015	0.324986	-0.657029
1.746000	1.099971	-0.983326	0.326298	-0.657029
1.747000	1.100780	-0.984585	0.327556	-0.657029
1.748000	1.101590	-0.985790	0.328761	-0.657029
1.749000	1.102401	-0.986942	0.329913	-0.657029
1.750000	1.103215	-0.988042	0.331013	-0.657029
1.751000	1.104029	-0.989089	0.332061	-0.657029
1.752000	1.104844	-0.990085	0.333057	-0.657029
1.753000	1.105661	-0.991031	0.334002	-0.657029
1.754000	1.106479	-0.991925	0.334896	-0.657029
1.755000	1.107298	-0.992769	0.335741	-0.657028
1.756000	1.108118	-0.993564	0.336535	-0.657028
1.757000	1.108939	-0.994309	0.337281	-0.657028
1.758000	1.109760	-0.995006	0.337978	-0.657028
1.759000	1.110583	-0.995655	0.338627	-0.657028
1.760000	1.111406	-0.996256	0.339228	-0.657028
1.761000	1.112230	-0.996810	0.339782	-0.657028
1.762000	1.113055	-0.997317	0.340289	-0.657028
1.763000	1.113880	-0.997779	0.340751	-0.657028
1.764000	1.114706	-0.998195	0.341167	-0.657028
1.765000	1.115532	-0.998567	0.341539	-0.657028
1.766000	1.116359	-0.998894	0.341866	-0.657028
1.767000	1.117186	-0.999178	0.342150	-0.657028
1.768000	1.118013	-0.999418	0.342391	-0.657028
1.769000	1.118841	-0.999617	0.342589	-0.657028
1.770000	1.119669	-0.999773	0.342746	-0.657028
1.771000	1.120497	-0.999888	0.342861	-0.657028
1.772000	1.121325	-0.999963	0.342935	-0.657027
1.773000	1.122153	-0.999997	0.342970	-0.657027
1.774000	1.122981	-0.999992	0.342965	-0.657027
1.775000	1.123810	-0.999949	0.342921	-0.657027
1.776000	1.124638	-0.999867	0.342839	-0.657027
1.777000	1.125466	-0.999747	0.342720	-0.657027
1.778000	1.126293	-0.999590	0.342563	-0.657027
1.779000	1.127121	-0.999398	0.342370	-0.657027
1.780000	1.127948	-0.999169	0.342142	-0.657027
1.781000	1.128775	-0.998905	0.341878	-0.657027
1.782000	1.129602	-0.998606	0.341579	-0.657027
1.783000	1.130428	-0.998274	0.341247	-0.657027
1.784000	1.131254	-0.997908	0.340881	-0.657027
1.785000	1.132080	-0.997510	0.340483	-0.657027
1.786000	1.132905	-0.997079	0.340052	-0.657027
1.787000	1.133729	-0.996617	0.339590	-0.657027
1.788000	1.134553	-0.996123	0.339097	-0.657027
1.789000	1.135376	-0.995600	0.338573	-0.657027
1.790000	1.136199	-0.995046	0.338020	-0.657027
1.791000	1.137020	-0.994464	0.337437	-0.657027
1.792000	1.137842	-0.993852	0.336826	-0.657027
1.793000	1.138662	-0.993213	0.336186	-0.657027
1.794000	1.139482	-0.992546	0.335519	-0.657026
1.795000	1.140301	-0.991852	0.334826	-0.657026
1.796000	1.141118	-0.991132	0.334105	-0.657026
1.797000	1.141935	-0.990386	0.333359	-0.657026
1.798000	1.142751	-0.989614	0.332588	-0.657026
1.799000	1.143567	-0.988818	0.331792	-0.657026
1.800000	1.144381	-0.987998	0.330972	-0.657026
1.801000	1.145194	-0.987154	0.330128	-0.657026
1.802000	1.146006	-0.986286	0.329260	-0.657026
1.803000	1.146817	-0.985397	0.328371	-0.657026
1.804000	1.147627	-0.984485	0.327459	-0.657026
1.805000	1.148435	-0.983551	0.326526	-0.657026
1.806000	1.149243	-0.982597	0.325571	-0.657026
1.807000	1.150049	-0.981622	0.324596	-0.657026
1.808000	1.150854	-0.980627	0.323601	-0.657026
1.809000	1.151658	-0.979612	0.322586	-0.657026
1.810000	1.152461	-0.978578	0.321552	-0.657026
1.811000	1.153262	-0.977525	0.320500	-0.657025
1.812000	1.154062	-0.976455	0.319429	-0.657025
1.813000	1.154861	-0.975366	0.318341	-0.657026
1.814000	1.155658	-0.974261	0.317235	-0.657026
1.815000	1.156454	-0.973138	0.316113	-0.657026
1.816000	1.157248	-0.972000	0.314974	-0.657025
1.817000	1.158041	-0.970845	0.313820	-0.657026
1.818000	1.158833	-0.969675	0.312649	-0.657025
1.819000	1.159623	-0.968490	0.311464	-0.657025
1.820000	1.160411	-0.967290	0.310265	-0.657025
1.821000	1.161198	-0.966076	0.309051	-0.657025
1.822000	1.161983	-0.964849	0.307823	-0.657025
1.823000	1.162767	-0.963608	0.306582	-0.657025
1.824000	1.163550	-0.962354	0.305328	-0.657025
1.825000	1.164330	-0.961087	0.304062	-0.657025
1.826000	1.165109	-0.959808	0.302783	-0.657025
1.827000	1.165887	-0.958518	0.301493	-0.657025
1.828000	1.166662	-0.957216	0.300191	-0.657025
1.829000	1.167436	-0.955903	0.298878	-0.657025
1.830000	1.168209	-0.954579	0.297554	-0.657025
1.831000	1.168979	-0.953245	0.296220	-0.657025
1.832000	1.169748	-0.951901	0.294876	-0.657025
1.833000	1.170515	-0.950547	0.293523	-0.657025
1.834000	1.171281	-0.949184	0.292160	-0.657025
1.835000	1.172044	-0.947813	0.290788	-0.657025
1.836000	1.172806	-0.946432	0.289407	-0.657025
1.837000	1.173565	-0.945044	0.288019	-0.657025
1.838000	1.174323	-0.943647	0.286622	-0.657025
1.839000	1.175080	-0.942243	0.285217	-0.657025
1.840000	1.175834	-0.940831	0.283806	-0.657025
1.841000	1.176586	-0.939412	0.282387	-0.657025
1.842000	1.177337	-0.937986	0.280961	-0.657025
1.843000	1.178086	-0.936554	0.279529	-0.657025
1.844000	1.178832	-0.935116	0.278091	-0.657025
1.845000	1.179577	-0.933672	0.276647	-0.657025
1.846000	1.180320	-0.932222	0.275197	-0.657025
1.847000	1.181061	-0.930767	0.273742	-0.657025
1.848000	1.181800	-0.929307	0.272282	-0.657025
1.849000	1.182537	-0.927842	0.270817	-0.657025
1.850000	1.183272	-0.926373	0.269348	-0.657025
1.851000	1.184005	-0.924899	0.267874	-0.657025
1.852000	1.184736	-0.923421	0.266396	-0.657025
1.853000	1.185465	-0.921939	0.264915	-0.657025
1.854000	1.186192	-0.920454	0.263430	-0.657025
1.855000	1.186916	-0.918966	0.261941	-0.657025
1.856000	1.187639	-0.917474	0.260449	-0.657025
1.857000	1.188360	-0.915980	0.258955	-0.657025
1.858000	1.189078	-0.914483	0.257458	-0.657025
1.859000	1.189795	-0.912983	0.255958	-0.657025
1.860000	1.190509	-0.911481	0.254456	-0.657025
1.861000	1.191221	-0.909978	0.252953	-0.657025
1.862000	1.191932	-0.908472	0.251447	-0.657025
1.863000	1.192640	-0.906965	0.249940	-0.657025
1.864000	1.193346	-0.905456	0.248431	-0.657025
1.865000	1.194050	-0.903946	0.246921	-0.657025
1.866000	1.194751	-0.902435	0.245410	-0.657025
1.867000	1.195451	-0.900923	0.243898	-0.657025
1.868000	1.196148	-0.899411	0.242386	-0.657025
1.869000	1.196843	-0.897898	0.240873	-0.657025
1.870000	1.197536	-0.896384	0.239360	-0.657025
1.871000	1.198227	-0.894871	0.237846	-0.657025
1.872000	1.198916	-0.893358	0.236333	-0.657025
1.873000	1.199602	-0.891844	0.234820	-0.657025
1.874000	1.200287	-0.890331	0.233307	-0.657024
1.875000	1.200969	-0.888819	0.231795	-0.657024
1.876000	1.201648	-0.887307	0.230283	-0.657024
1.877000	1.202326	-0.885796	0.228772	-0.657024
1.878000	1.203001	-0.884286	0.227262	-0.657024
1.879000	1.203674	-0.882777	0.225753	-0.657024
1.880000	1.204345	-0.881269	0.224245	-0.657024
1.881000	1.205014	-0.879763	0.222739	-0.657023
1.882000	1.205680	-0.878258	0.221234	-0.657023
1.883000	1.206344	-0.876754	0.219731	-0.657023
1.884000	1.207006	-0.875253	0.218230	-0.657023
1.885000	1.207666	-0.873754	0.216730	-0.657023
1.886000	1.208323	-0.872256	0.215233	-0.657023
1.887000	1.208978	-0.870761	0.213737	-0.657023
1.888000	1.209630	-0.869268	0.212244	-0.657024
1.889000	1.210281	-0.867777	0.210754	-0.657024
1.890000	1.210929	-0.866289	0.209265	-0.657024
1.891000	1.211574	-0.864803	0.207779	-0.657024
1.892000	1.212218	-0.863320	0.206296	-0.657024
1.893000	1.212859	-0.861840	0.204816	-0.657024
1.894000	1.213498	-0.860363	0.203339	-0.657024
1.895000	1.214134	-0.858888	0.201864	-0.657024
1.896000	1.214769	-0.857417	0.200393	-0.657024
1.897000	1.215401	-0.855949	0.198925	-0.657024
1.898000	1.216030	-0.854484	0.197460	-0.657024
1.899000	1.216657	-0.853023	0.195998	-0.657024
1.900000	1.217282	-0.851565	0.194540	-0.657024
1.901000	1.217905	-0.850110	0.193086	-0.657024
1.902000	1.218525	-0.848659	0.191635	-0.657024
1.903000	1.219143	-0.847212	0.190188	-0.657024
1.904000	1.219759	-0.845768	0.188744	-0.657024
1.905000	1.220372	-0.844329	0.187305	-0.657024
1.906000	1.220983	-0.842893	0.185869	-0.657024
1.907000	1.221591	-0.841461	0.184437	-0.657024
1.908000	1.222197	-0.840034	0.183010	-0.657024
1.909000	1.222801	-0.838610	0.181586	-0.657024
1.910000	1.223403	-0.837191	0.180167	-0.657024
1.911000	1.224002	-0.835776	0.178752	-0.657025
1.912000	1.224598	-0.834366	0.177341	-0.657025
1.913000	1.225193	-0.832959	0.175935	-0.657025
1.914000	1.225785	-0.831558	0.174533	-0.657025
1.915000	1.226374	-0.830160	0.173136	-0.657025
1.916000	1.226962	-0.828768	0.171743	-0.657025
1.917000	1.227546	-0.827380	0.170355	-0.657025
1.918000	1.228129	-0.825996	0.168972	-0.657025
1.919000	1.228709	-0.824618	0.167593	-0.657025
1.920000	1.229287	-0.823244	0.166219	-0.657025
1.921000	1.229862	-0.821875	0.164850	-0.657025
1.922000	1.230435	-0.820510	0.163486	-0.657025
1.923000	1.231006	-0.819151	0.162127	-0.657024
1.924000	1.231574	-0.817797	0.160772	-0.657024
1.925000	1.232140	-0.816448	0.159423	-0.657024
1.926000	1.232704	-0.815103	0.158079	-0.657024
1.927000	1.233265	-0.813764	0.156740	-0.657024
1.928000	1.233824	-0.812430	0.155406	-0.657024
1.929000	1.234380	-0.811102	0.154078	-0.657024
1.930000	1.234934	-0.809778	0.152754	-0.657024
1.931000	1.235485	-0.808460	0.151436	-0.657024
1.932000	1.236035	-0.807147	0.150123	-0.657024
1.933000	1.236581	-0.805839	0.148815	-0.657023
1.934000	1.237126	-0.804537	0.147513	-0.657024
1.935000	1.237668	-0.803240	0.146216	-0.657024
1.936000	1.238207	-0.801949	0.144925	-0.657024
1.937000	1.238744	-0.800663	0.143639	-0.657024
1.938000	1.239279	-0.799383	0.142359	-0.657024
1.939000	1.239812	-0.798108	0.141084	-0.657024
1.940000	1.240342	-0.796838	0.139815	-0.657024
1.941000	1.240869	-0.795574	0.138551	-0.657024
1.942000	1.241394	-0.794316	0.137293	-0.657024
1.943000	1.241917	-0.793063	0.136040	-0.657024
1.944000	1.242438	-0.791816	0.134793	-0.657023
1.945000	1.242956	-0.790575	0.133552	-0.657023
1.946000	1.243471	-0.789339	0.132316	-0.657023
1.947000	1.243985	-0.788110	0.131086	-0.657023
1.948000	1.244495	-0.786886	0.129862	-0.657024
1.949000	1.245004	-0.785667	0.128644	-0.657024
1.950000	1.245510	-0.784455	0.127431	-0.657024
1.951000	1.246014	-0.783248	0.126224	-0.657023
1.952000	1.246515	-0.782046	0.125023	-0.657023
1.953000	1.247014	-0.780851	0.123828	-0.657023
1.954000	1.247510	-0.779662	0.122638	-0.657023
1.955000	1.248004	-0.778478	0.121455	-0.657023
1.956000	1.248496	-0.777300	0.120277	-0.657023
1.957000	1.248985	-0.776129	0.119105	-0.657023
1.958000	1.249472	-0.774963	0.117939	-0.657023
1.959000	1.249956	-0.773803	0.116779	-0.657024
1.960000	1.250438	-0.772648	0.115625	-0.657023
1.961000	1.250918	-0.771500	0.114477	-0.657023
1.962000	1.251395	-0.770358	0.113334	-0.657023
1.963000	1.251870	-0.769221	0.112198	-0.657023
1.964000	1.252343	-0.768091	0.111067	-0.657023
1.965000	1.252813	-0.766966	0.109943	-0.657023
1.966000	1.253281	-0.765847	0.108824	-0.657023
1.967000	1.253746	-0.764735	0.107712	-0.657023
1.968000	1.254209	-0.763628	0.106605	-0.657023
1.969000	1.254670	-0.762528	0.105504	-0.657023
1.970000	1.255128	-0.761433	0.104410	-0.657023
1.971000	1.255584	-0.760344	0.103321	-0.657023
1.972000	1.256037	-0.759262	0.102238	-0.657023
1.973000	1.256488	-0.758185	0.101162	-0.657023
1.974000	1.256936	-0.757115	0.100091	-0.657023
1.975000	1.257383	-0.756050	0.099027	-0.657024
1.976000	1.257826	-0.754991	0.097968	-0.657024
1.977000	1.258268	-0.753939	0.096915	-0.657024
1.978000	1.258707	-0.752892	0.095869	-0.657024
1.979000	1.259144	-0.751852	0.094828	-0.657024
1.980000	1.259578	-0.750817	0.093793	-0.657024
1.981000	1.260010	-0.749789	0.092765	-0.657024
1.982000	1.260439	-0.748766	0.091742	-0.657024
1.983000	1.260866	-0.747750	0.090726	-0.657024
1.984000	1.261291	-0.746740	0.089715	-0.657024
1.985000	1.261714	-0.745735	0.088711	-0.657024
1.986000	1.262133	-0.744737	0.087712	-0.657024
1.987000	1.262551	-0.743745	0.086720	-0.657025
1.988000	1.262966	-0.742758	0.085734	-0.657024
1.989000	1.263379	-0.741777	0.084753	-0.657024
1.990000	1.263790	-0.740803	0.083779	-0.657024
1.991000	1.264198	-0.739835	0.082810	-0.657024
1.992000	1.264604	-0.738872	0.081848	-0.657024
1.993000	1.265007	-0.737916	0.080892	-0.657024
1.994000	1.265408	-0.736966	0.079941	-0.657024
1.995000	1.265807	-0.736021	0.078997	-0.657024
1.996000	1.266203	-0.735083	0.078059	-0.657024
1.997000	1.266597	-0.734151	0.077126	-0.657024
1.998000	1.266989	-0.733224	0.076200	-0.657024
1.999000	1.267378	-0.732304	0.075280	-0.657025
