# Time	Pos	PotentialE	KineticE	TotalE
0.000000	1.299999	-0.657019	0.000003	-0.657017
0.001000	1.299996	-0.657027	0.000010	-0.657017
0.002000	1.299990	-0.657039	0.000023	-0.657017
0.003000	1.299982	-0.657057	0.000040	-0.657017
0.004000	1.299972	-0.657080	0.000063	-0.657017
0.005000	1.299960	-0.657107	0.000090	-0.657017
0.006000	1.299945	-0.657140	0.000123	-0.657017
0.007000	1.299928	-0.657177	0.000161	-0.657017
0.008000	1.299909	-0.657220	0.000203	-0.657017
0.009000	1.299888	-0.657268	0.000251	-0.657017
0.010000	1.299864	-0.657321	0.000304	-0.657017
0.011000	1.299839	-0.657378	0.000361	-0.657017
0.012000	1.299811	-0.657441	0.000424	-0.657017
0.013000	1.299780	-0.657509	0.000492	-0.657017
0.014000	1.299748	-0.657582	0.000565	-0.657017
0.015000	1.299713	-0.657659	0.000643	-0.657017
0.016000	1.299676	-0.657742	0.000725	-0.657017
0.017000	1.299637	-0.657830	0.000813	-0.657017
0.018000	1.299596	-0.657923	0.000906	-0.657017
0.019000	1.299552	-0.658021	0.001004	-0.657017
0.020000	1.299506	-0.658124	0.001107	-0.657017
0.021000	1.299458	-0.658232	0.001215	-0.657017
0.022000	1.299407	-0.658345	0.001328	-0.657017
0.023000	1.299355	-0.658463	0.001446	-0.657017
0.024000	1.299300	-0.658586	0.001570	-0.657017
0.025000	1.299243	-0.658715	0.001698	-0.657017
0.026000	1.299183	-0.658848	0.001831	-0.657017
0.027000	1.299122	-0.658986	0.001969	-0.657017
0.028000	1.299058	-0.659130	0.002113	-0.657017
0.029000	1.298992	-0.659278	0.002261	-0.657017
0.030000	1.298923	-0.659431	0.002415	-0.657017
0.031000	1.298853	-0.659590	0.002573	-0.657017
0.032000	1.298780	-0.659754	0.002737	-0.657017
0.033000	1.298705	-0.659922	0.002905	-0.657017
0.034000	1.298627	-0.660096	0.003079	-0.657017
0.035000	1.298548	-0.660275	0.003258	-0.657017
0.036000	1.298466	-0.660459	0.003442	-0.657017
0.037000	1.298382	-0.660648	0.003631	-0.657017
0.038000	1.298295	-0.660842	0.003825	-0.657017
0.039000	1.298207	-0.661041	0.004024	-0.657017
0.040000	1.298116	-0.661245	0.004228	-0.657017
0.041000	1.298023	-0.661455	0.004438	-0.657017
0.042000	1.297928	-0.661669	0.004652	-0.657017
0.043000	1.297830	-0.661889	0.004872	-0.657017
0.044000	1.297730	-0.662113	0.005096	-0.657017
0.045000	1.297628	-0.662343	0.005326	-0.657017
0.046000	1.297524	-0.662578	0.005561	-0.657017
0.047000	1.297417	-0.662818	0.005801	-0.657017
0.048000	1.297308	-0.663063	0.006046	-0.657017
0.049000	1.297197	-0.663313	0.006297	-0.657017
0.050000	1.297084	-0.663569	0.006552	-0.657017
0.051000	1.296968	-0.663829	0.006813	-0.657017
0.052000	1.296850	-0.664095	0.007078	-0.657017
0.053000	1.296730	-0.664366	0.007349	-0.657017
0.054000	1.296608	-0.664642	0.007625	-0.657017
0.055000	1.296483	-0.664923	0.007906	-0.657017
0.056000	1.296357	-0.665209	0.008193	-0.657017
0.057000	1.296227	-0.665501	0.008484	-0.657017
0.058000	1.296096	-0.665798	0.008781	-0.657017
0.059000	1.295962	-0.666099	0.009082	-0.657017
0.060000	1.295826	-0.666406	0.009390	-0.657017
0.061000	1.295688	-0.666719	0.009702	-0.657017
0.062000	1.295548	-0.667036	0.010019	-0.657017
0.063000	1.295405	-0.667359	0.010342	-0.657017
0.064000	1.295260	-0.667686	0.010670	-0.657017
0.065000	1.295113	-0.668020	0.011003	-0.657017
0.066000	1.294964	-0.668358	0.011341	-0.657017
0.067000	1.294812	-0.668701	0.011684	-0.657017
0.068000	1.294658	-0.669050	0.012033	-0.657017
0.069000	1.294502	-0.669404	0.012387	-0.657017
0.070000	1.294343	-0.669763	0.012746	-0.657017
0.071000	1.294182	-0.670128	0.013111	-0.657017
0.072000	1.294019	-0.670497	0.013480	-0.657017
0.073000	1.293854	-0.670872	0.013855	-0.657017
0.074000	1.293686	-0.671252	0.014236	-0.657017
0.075000	1.293516	-0.671638	0.014621	-0.657017
0.076000	1.293344	-0.672029	0.015012	-0.657017
0.077000	1.293170	-0.672425	0.015408	-0.657017
0.078000	1.292993	-0.672826	0.015809	-0.657017
0.079000	1.292814	-0.673233	0.016216	-0.657017
0.080000	1.292633	-0.673645	0.016628	-0.657017
0.081000	1.292449	-0.674062	0.017045	-0.657017
0.082000	1.292264	-0.674485	0.017468	-0.657017
0.083000	1.292076	-0.674913	0.017896	-0.657017
0.084000	1.291885	-0.675346	0.018329	-0.657017
0.085000	1.291693	-0.675785	0.018768	-0.657017
0.086000	1.291498	-0.676228	0.019212	-0.657017
0.087000	1.291301	-0.676678	0.019661	-0.657017
0.088000	1.291101	-0.677133	0.020116	-0.657017
0.089000	1.290899	-0.677593	0.020576	-0.657017
0.090000	1.290695	-0.678058	0.021041	-0.657017
0.091000	1.290489	-0.678529	0.021512	-0.657017
0.092000	1.290281	-0.679005	0.021988	-0.657017
0.093000	1.290070	-0.679487	0.022470	-0.657017
0.094000	1.289857	-0.679974	0.022957	-0.657017
0.095000	1.289641	-0.680466	0.023449	-0.657017
0.096000	1.289424	-0.680964	0.023947	-0.657017
0.097000	1.289204	-0.681468	0.024451	-0.657017
0.098000	1.288981	-0.681976	0.024959	-0.657017
0.099000	1.288757	-0.682491	0.025474	-0.657017
0.100000	1.288530	-0.683010	0.025993	-0.657017
0.101000	1.288301	-0.683535	0.026519	-0.657017
0.102000	1.288069	-0.684066	0.027049	-0.657017
0.103000	1.287836	-0.684602	0.027585	-0.657017
0.104000	1.287599	-0.685144	0.028127	-0.657017
0.105000	1.287361	-0.685691	0.028674	-0.657017
0.106000	1.287121	-0.686243	0.029227	-0.657017
0.107000	1.286878	-0.686802	0.029785	-0.657017
0.108000	1.286632	-0.687365	0.030348	-0.657017
0.109000	1.286385	-0.687934	0.030917	-0.657017
0.110000	1.286135	-0.688509	0.031492	-0.657017
0.111000	1.285883	-0.689089	0.032072	-0.657017
0.112000	1.285629	-0.689675	0.032658	-0.657017
0.113000	1.285372	-0.690267	0.033250	-0.657017
0.114000	1.285113	-0.690864	0.033847	-0.657017
0.115000	1.284851	-0.691466	0.034449	-0.657017
0.116000	1.284588	-0.692074	0.035057	-0.657017
0.117000	1.284322	-0.692688	0.035671	-0.657017
0.118000	1.284054	-0.693307	0.036290	-0.657017
0.119000	1.283783	-0.693932	0.036915	-0.657017
0.120000	1.283510	-0.694563	0.037546	-0.657017
0.121000	1.283235	-0.695199	0.038182	-0.657017
0.122000	1.282957	-0.695841	0.038824	-0.657017
0.123000	1.282678	-0.696488	0.039471	-0.657017
0.124000	1.282396	-0.697142	0.040125	-0.657017
0.125000	1.282111	-0.697800	0.040783	-0.657017
0.126000	1.281824	-0.698465	0.041448	-0.657017
0.127000	1.281535	-0.699135	0.042118	-0.657017
0.128000	1.281244	-0.699811	0.042794	-0.657017
0.129000	1.280950	-0.700492	0.043476	-0.657017
0.130000	1.280654	-0.701180	0.044163	-0.657017
0.131000	1.280356	-0.701873	0.044856	-0.657017
0.132000	1.280055	-0.702571	0.045555	-0.657017
0.133000	1.279752	-0.703276	0.046259	-0.657017
0.134000	1.279447	-0.703986	0.046969	-0.657017
0.135000	1.279139	-0.704702	0.047685	-0.657017
0.136000	1.278829	-0.705424	0.048407	-0.657017
0.137000	1.278517	-0.706151	0.049134	-0.657017
0.138000	1.278202	-0.706885	0.049868	-0.657017
0.139000	1.277885	-0.707624	0.050607	-0.657017
0.140000	1.277566	-0.708368	0.051351	-0.657017
0.141000	1.277244	-0.709119	0.052102	-0.657017
0.142000	1.276920	-0.709875	0.052859	-0.657017
0.143000	1.276594	-0.710638	0.053621	-0.657017
0.144000	1.276265	-0.711406	0.054389	-0.657017
0.145000	1.275934	-0.712180	0.055163	-0.657017
0.146000	1.275601	-0.712959	0.055942	-0.657017
0.147000	1.275265	-0.713745	0.056728	-0.657017
0.148000	1.274927	-0.714536	0.057519	-0.657017
0.149000	1.274587	-0.715334	0.058317	-0.657017
0.150000	1.274244	-0.716137	0.059120	-0.657017
0.151000	1.273899	-0.716946	0.059929	-0.657017
0.152000	1.273552	-0.717761	0.060744	-0.657017
0.153000	1.273202	-0.718581	0.061565	-0.657017
0.154000	1.272850	-0.719408	0.062391	-0.657017
0.155000	1.272496	-0.720241	0.063224	-0.657017
0.156000	1.272139	-0.721079	0.064062	-0.657017
0.157000	1.271780	-0.721924	0.064907	-0.657017
0.158000	1.271418	-0.722774	0.065757	-0.657017
0.159000	1.271054	-0.723630	0.066613	-0.657017
0.160000	1.270688	-0.724492	0.067475	-0.657017
0.161000	1.270320	-0.725360	0.068344	-0.657017
0.162000	1.269949	-0.726235	0.069218	-0.657017
0.163000	1.269576	-0.727115	0.070098	-0.657017
0.164000	1.269200	-0.728001	0.070984	-0.657017
0.165000	1.268822	-0.728892	0.071876	-0.657017
0.166000	1.268442	-0.729790	0.072773	-0.657017
0.167000	1.268059	-0.730694	0.073677	-0.657017
0.168000	1.267674	-0.731604	0.074587	-0.657017
0.169000	1.267287	-0.732520	0.075503	-0.657017
0.170000	1.266897	-0.733442	0.076425	-0.657017
0.171000	1.266505	-0.734370	0.077353	-0.657017
0.172000	1.266110	-0.735303	0.078286	-0.657017
0.173000	1.265713	-0.736243	0.079226	-0.657017
0.174000	1.265314	-0.737189	0.080172	-0.657017
0.175000	1.264912	-0.738141	0.081124	-0.657017
0.176000	1.264508	-0.739098	0.082082	-0.657017
0.177000	1.264102	-0.740062	0.083045	-0.657017
0.178000	1.263693	-0.741032	0.084015	-0.657017
0.179000	1.263282	-0.742008	0.084991	-0.657017
0.180000	1.262869	-0.742990	0.085973	-0.657017
0.181000	1.262453	-0.743978	0.086961	-0.657017
0.182000	1.262035	-0.744972	0.087955	-0.657017
0.183000	1.261614	-0.745971	0.088955	-0.657017
0.184000	1.261191	-0.746977	0.089961	-0.657017
0.185000	1.260766	-0.747989	0.090972	-0.657017
0.186000	1.260338	-0.749007	0.091990	-0.657017
0.187000	1.259908	-0.750031	0.093014	-0.657017
0.188000	1.259475	-0.751061	0.094044	-0.657017
0.189000	1.259041	-0.752097	0.095081	-0.657017
0.190000	1.258603	-0.753139	0.096123	-0.657017
0.191000	1.258164	-0.754187	0.097171	-0.657017
0.192000	1.257722	-0.755242	0.098225	-0.657017
0.193000	1.257277	-0.756302	0.099285	-0.657017
0.194000	1.256830	-0.757368	0.100351	-0.657017
0.195000	1.256381	-0.758440	0.101423	-0.657017
0.196000	1.255930	-0.759518	0.102501	-0.657017
0.197000	1.255476	-0.760602	0.103585	-0.657017
0.198000	1.255019	-0.761692	0.104675	-0.657017
0.199000	1.254561	-0.762788	0.105772	-0.657017
0.200000	1.254099	-0.763890	0.106874	-0.657017
0.201000	1.253636	-0.764999	0.107982	-0.657017
0.202000	1.253170	-0.766113	0.109096	-0.657017
0.203000	1.252702	-0.767233	0.110216	-0.657017
0.204000	1.252231	-0.768359	0.111342	-0.657017
0.205000	1.251758	-0.769490	0.112474	-0.657017
0.206000	1.251282	-0.770628	0.113611	-0.657017
0.207000	1.250804	-0.771772	0.114755	-0.657017
0.208000	1.250324	-0.772922	0.115905	-0.657017
0.209000	1.249842	-0.774077	0.117061	-0.657017
0.210000	1.249356	-0.775239	0.118222	-0.657017
0.211000	1.248869	-0.776406	0.119390	-0.657017
0.212000	1.248379	-0.777580	0.120563	-0.657017
0.213000	1.247887	-0.778759	0.121742	-0.657017
0.214000	1.247392	-0.779944	0.122927	-0.657017
0.215000	1.246895	-0.781135	0.124118	-0.657017
0.216000	1.246396	-0.782331	0.125315	-0.657017
0.217000	1.245894	-0.783534	0.126517	-0.657017
0.218000	1.245390	-0.784742	0.127725	-0.657017
0.219000	1.244883	-0.785956	0.128939	-0.657017
0.220000	1.244374	-0.787176	0.130159	-0.657017
0.221000	1.243863	-0.788402	0.131385	-0.657017
0.222000	1.243349	-0.789633	0.132616	-0.657017
0.223000	1.242833	-0.790870	0.133853	-0.657017
0.224000	1.242314	-0.792113	0.135096	-0.657017
0.225000	1.241793	-0.793361	0.136344	-0.657017
0.226000	1.241270	-0.794615	0.137598	-0.657017
0.227000	1.240744	-0.795874	0.138858	-0.657017
0.228000	1.240216	-0.797140	0.140123	-0.657017
0.229000	1.239685	-0.798410	0.141393	-0.657017
0.230000	1.239152	-0.799687	0.142670	-0.657017
0.231000	1.238617	-0.800968	0.143951	-0.657017
0.232000	1.238079	-0.802256	0.145239	-0.657017
0.233000	1.237539	-0.803548	0.146531	-0.657017
0.234000	1.236996	-0.804846	0.147829	-0.657017
0.235000	1.236451	-0.806150	0.149133	-0.657017
0.236000	1.235904	-0.807459	0.150442	-0.657017
0.237000	1.235354	-0.808773	0.151756	-0.657017
0.238000	1.234802	-0.810092	0.153075	-0.657017
0.239000	1.234248	-0.811417	0.154400	-0.657017
0.240000	1.233691	-0.812747	0.155730	-0.657017
0.241000	1.233132	-0.814082	0.157065	-0.657017
0.242000	1.232570	-0.815422	0.158406	-0.657017
0.243000	1.232006	-0.816768	0.159751	-0.657017
0.244000	1.231439	-0.818118	0.161101	-0.657017
0.245000	1.230871	-0.819474	0.162457	-0.657017
0.246000	1.230299	-0.820834	0.163817	-0.657017
0.247000	1.229726	-0.822199	0.165183	-0.657017
0.248000	1.229150	-0.823570	0.166553	-0.657017
0.249000	1.228572	-0.824945	0.167928	-0.657017
0.250000	1.227991	-0.826325	0.169308	-0.657017
0.251000	1.227408	-0.827709	0.170692	-0.657017
0.252000	1.226822	-0.829098	0.172081	-0.657017
0.253000	1.226234	-0.830492	0.173475	-0.657017
0.254000	1.225644	-0.831891	0.174874	-0.657017
0.255000	1.225052	-0.833293	0.176276	-0.657017
0.256000	1.224457	-0.834701	0.177684	-0.657017
0.257000	1.223859	-0.836113	0.179096	-0.657017
0.258000	1.223260	-0.837529	0.180512	-0.657017
0.259000	1.222658	-0.838949	0.181932	-0.657017
0.260000	1.222053	-0.840373	0.183356	-0.657017
0.261000	1.221447	-0.841802	0.184785	-0.657017
0.262000	1.220837	-0.843235	0.186218	-0.657017
0.263000	1.220226	-0.844671	0.187654	-0.657017
0.264000	1.219612	-0.846112	0.189095	-0.657017
0.265000	1.218996	-0.847556	0.190539	-0.657017
0.266000	1.218378	-0.849005	0.191987	-0.657017
0.267000	1.217757	-0.850456	0.193439	-0.657017
0.268000	1.217134	-0.851912	0.194895	-0.657017
0.269000	1.216508	-0.853371	0.196354	-0.657017
0.270000	1.215880	-0.854833	0.197816	-0.657017
0.271000	1.215250	-0.856299	0.199282	-0.657017
0.272000	1.214618	-0.857768	0.200751	-0.657017
0.273000	1.213983	-0.859240	0.202223	-0.657017
0.274000	1.213346	-0.860715	0.203698	-0.657017
0.275000	1.212706	-0.862193	0.205176	-0.657017
0.276000	1.212064	-0.863674	0.206657	-0.657017
0.277000	1.211420	-0.865158	0.208141	-0.657017
0.278000	1.210774	-0.866644	0.209627	-0.657017
0.279000	1.210125	-0.868133	0.211116	-0.657017
0.280000	1.209475	-0.869625	0.212607	-0.657017
0.281000	1.208821	-0.871118	0.214101	-0.657017
0.282000	1.208166	-0.872614	0.215597	-0.657017
0.283000	1.207508	-0.874112	0.217095	-0.657017
0.284000	1.206848	-0.875612	0.218595	-0.657017
0.285000	1.206186	-0.877114	0.220097	-0.657017
0.286000	1.205521	-0.878618	0.221601	-0.657017
0.287000	1.204854	-0.880123	0.223106	-0.657017
0.288000	1.204185	-0.881630	0.224612	-0.657017
0.289000	1.203514	-0.883138	0.226120	-0.657017
0.290000	1.202840	-0.884647	0.227630	-0.657017
0.291000	1.202164	-0.886157	0.229140	-0.657017
0.292000	1.201486	-0.887668	0.230651	-0.657017
0.293000	1.200806	-0.889180	0.232163	-0.657017
0.294000	1.200123	-0.890693	0.233675	-0.657017
0.295000	1.199439	-0.892206	0.235188	-0.657017
0.296000	1.198752	-0.893719	0.236702	-0.657017
0.297000	1.198062	-0.895232	0.238215	-0.657017
0.298000	1.197371	-0.896746	0.239728	-0.657017
0.299000	1.196678	-0.898259	0.241242	-0.657017
0.300000	1.195982	-0.899772	0.242755	-0.657017
0.301000	1.195284	-0.901284	0.244267	-0.657017
0.302000	1.194584	-0.902796	0.245778	-0.657017
0.303000	1.193882	-0.904307	0.247289	-0.657017
0.304000	1.193177	-0.905816	0.248799	-0.657017
0.305000	1.192471	-0.907325	0.250307	-0.657017
0.306000	1.191762	-0.908832	0.251814	-0.657017
0.307000	1.191052	-0.910337	0.253319	-0.657017
0.308000	1.190339	-0.911840	0.254823	-0.657017
0.309000	1.189624	-0.913342	0.256324	-0.657017
0.310000	1.188907	-0.914841	0.257823	-0.657018
0.311000	1.188188	-0.916337	0.259320	-0.657018
0.312000	1.187466	-0.917831	0.260813	-0.657018
0.313000	1.186743	-0.919322	0.262304	-0.657018
0.314000	1.186018	-0.920810	0.263792	-0.657018
0.315000	1.185290	-0.922294	0.265277	-0.657018
0.316000	1.184561	-0.923775	0.266757	-0.657018
0.317000	1.183830	-0.925252	0.268234	-0.657018
0.318000	1.183096	-0.926725	0.269707	-0.657018
0.319000	1.182361	-0.928193	0.271175	-0.657018
0.320000	1.181623	-0.929657	0.272639	-0.657018
0.321000	1.180884	-0.931116	0.274098	-0.657018
0.322000	1.180143	-0.932570	0.275552	-0.657018
0.323000	1.179399	-0.934018	0.277000	-0.657018
0.324000	1.178654	-0.935461	0.278443	-0.657018
0.325000	1.177907	-0.936898	0.279880	-0.657018
0.326000	1.177158	-0.938328	0.281310	-0.657018
0.327000	1.176407	-0.939752	0.282734	-0.657018
0.328000	1.175654	-0.941169	0.284151	-0.657018
0.329000	1.174899	-0.942579	0.285561	-0.657018
0.330000	1.174142	-0.943982	0.286964	-0.657018
0.331000	1.173384	-0.945377	0.288359	-0.657018
0.332000	1.172623	-0.946764	0.289746	-0.657018
0.333000	1.171861	-0.948142	0.291124	-0.657018
0.334000	1.171097	-0.949512	0.292494	-0.657018
0.335000	1.170331	-0.950873	0.293855	-0.657018
0.336000	1.169564	-0.952224	0.295206	-0.657018
0.337000	1.168795	-0.953566	0.296548	-0.657018
0.338000	1.168024	-0.954897	0.297879	-0.657018
0.339000	1.167251	-0.956218	0.299200	-0.657018
0.340000	1.166477	-0.957529	0.300511	-0.657018
0.341000	1.165700	-0.958828	0.301810	-0.657018
0.342000	1.164923	-0.960116	0.303098	-0.657018
0.343000	1.164143	-0.961392	0.304373	-0.657018
0.344000	1.163362	-0.962655	0.305637	-0.657018
0.345000	1.162580	-0.963906	0.306888	-0.657018
0.346000	1.161795	-0.965144	0.308126	-0.657018
0.347000	1.161010	-0.966368	0.309350	-0.657018
0.348000	1.160222	-0.967579	0.310561	-0.657018
0.349000	1.159433	-0.968775	0.311757	-0.657018
0.350000	1.158643	-0.969957	0.312938	-0.657018
0.351000	1.157851	-0.971123	0.314105	-0.657019
0.352000	1.157058	-0.972274	0.315255	-0.657019
0.353000	1.156263	-0.973409	0.316390	-0.657019
0.354000	1.155467	-0.974527	0.317509	-0.657019
0.355000	1.154669	-0.975629	0.318610	-0.657019
0.356000	1.153870	-0.976713	0.319694	-0.657019
0.357000	1.153070	-0.977779	0.320761	-0.657019
0.358000	1.152268	-0.978827	0.321809	-0.657019
0.359000	1.151466	-0.979857	0.322838	-0.657019
0.360000	1.150661	-0.980867	0.323848	-0.657019
0.361000	1.149856	-0.981857	0.324839	-0.657019
0.362000	1.149049	-0.982828	0.325809	-0.657019
0.363000	1.148241	-0.983777	0.326758	-0.657019
0.364000	1.147432	-0.984705	0.327686	-0.657019
0.365000	1.146622	-0.985612	0.328593	-0.657019
0.366000	1.145811	-0.986497	0.329477	-0.657019
0.367000	1.144999	-0.987358	0.330339	-0.657019
0.368000	1.144185	-0.988197	0.331177	-0.657019
0.369000	1.143371	-0.989011	0.331992	-0.657019
0.370000	1.142556	-0.989801	0.332782	-0.657019
0.371000	1.141739	-0.990567	0.333548	-0.657019
0.372000	1.140922	-0.991307	0.334287	-0.657019
0.373000	1.140104	-0.992021	0.335001	-0.657019
0.374000	1.139285	-0.992708	0.335689	-0.657019
0.375000	1.138465	-0.993369	0.336349	-0.657019
0.376000	1.137645	-0.994001	0.336982	-0.657019
0.377000	1.136824	-0.994606	0.337586	-0.657020
0.378000	1.136001	-0.995182	0.338162	-0.657020
0.379000	1.135179	-0.995728	0.338708	-0.657020
0.380000	1.134355	-0.996245	0.339225	-0.657020
0.381000	1.133531	-0.996730	0.339711	-0.657020
0.382000	1.132707	-0.997185	0.340165	-0.657020
0.383000	1.131882	-0.997608	0.340588	-0.657020
0.384000	1.131056	-0.997999	0.340979	-0.657020
0.385000	1.130230	-0.998357	0.341337	-0.657020
0.386000	1.129404	-0.998681	0.341661	-0.657020
0.387000	1.128577	-0.998971	0.341951	-0.657020
0.388000	1.127750	-0.999227	0.342207	-0.657020
0.389000	1.126922	-0.999447	0.342427	-0.657020
0.390000	1.126095	-0.999631	0.342611	-0.657020
0.391000	1.125267	-0.999779	0.342759	-0.657020
0.392000	1.124439	-0.999890	0.342869	-0.657020
0.393000	1.123610	-0.999963	0.342942	-0.657020
0.394000	1.122782	-0.999997	0.342977	-0.657020
0.395000	1.121954	-0.999993	0.342972	-0.657020
0.396000	1.121126	-0.999949	0.342928	-0.657020
0.397000	1.120298	-0.999864	0.342844	-0.657021
0.398000	1.119470	-0.999739	0.342719	-0.657021
0.399000	1.118642	-0.999573	0.342552	-0.657021
0.400000	1.117814	-0.999365	0.342344	-0.657021
0.401000	1.116987	-0.999114	0.342093	-0.657021
0.402000	1.116160	-0.998819	0.341799	-0.657021
0.403000	1.115333	-0.998482	0.341461	-0.657021
0.404000	1.114507	-0.998099	0.341078	-0.657021
0.405000	1.113682	-0.997672	0.340651	-0.657021
0.406000	1.112856	-0.997200	0.340179	-0.657021
0.407000	1.112032	-0.996681	0.339660	-0.657021
0.408000	1.111208	-0.996115	0.339094	-0.657021
0.409000	1.110385	-0.995503	0.338482	-0.657021
0.410000	1.109562	-0.994843	0.337822	-0.657021
0.411000	1.108741	-0.994134	0.337113	-0.657021
0.412000	1.107920	-0.993377	0.336356	-0.657021
0.413000	1.107100	-0.992570	0.335549	-0.657021
0.414000	1.106282	-0.991714	0.334693	-0.657021
0.415000	1.105464	-0.990808	0.333786	-0.657021
0.416000	1.104648	-0.989850	0.332829	-0.657021
0.417000	1.103832	-0.988842	0.331820	-0.657021
0.418000	1.103018	-0.987781	0.330760	-0.657022
0.419000	1.102206	-0.986669	0.329647	-0.657022
0.420000	1.101394	-0.985504	0.328482	-0.657022
0.421000	1.100585	-0.984286	0.327265	-0.657022
0.422000	1.099776	-0.983015	0.325993	-0.657022
0.423000	1.098970	-0.981690	0.324669	-0.657022
0.424000	1.098165	-0.980312	0.323290	-0.657022
0.425000	1.097362	-0.978878	0.321857	-0.657022
0.426000	1.096560	-0.977391	0.320369	-0.657022
0.427000	1.095761	-0.975848	0.318826	-0.657022
0.428000	1.094963	-0.974250	0.317228	-0.657022
0.429000	1.094168	-0.972597	0.315575	-0.657022
0.430000	1.093374	-0.970888	0.313866	-0.657022
0.431000	1.092583	-0.969123	0.312101	-0.657022
0.432000	1.091794	-0.967302	0.310280	-0.657022
0.433000	1.091007	-0.965425	0.308403	-0.657022
0.434000	1.090223	-0.963492	0.306470	-0.657022
0.435000	1.089442	-0.961503	0.304481	-0.657022
0.436000	1.088663	-0.959457	0.302435	-0.657022
0.437000	1.087886	-0.957356	0.300333	-0.657022
0.438000	1.087113	-0.955197	0.298175	-0.657022
0.439000	1.086342	-0.952983	0.295961	-0.657022
0.440000	1.085574	-0.950713	0.293691	-0.657022
0.441000	1.084809	-0.948386	0.291364	-0.657022
0.442000	1.084047	-0.946004	0.288982	-0.657022
0.443000	1.083288	-0.943566	0.286544	-0.657022
0.444000	1.082533	-0.941073	0.284051	-0.657022
0.445000	1.081781	-0.938525	0.281503	-0.657022
0.446000	1.081032	-0.935923	0.278900	-0.657022
0.447000	1.080287	-0.933266	0.276244	-0.657022
0.448000	1.079546	-0.930555	0.273533	-0.657022
0.449000	1.078808	-0.927791	0.270768	-0.657022
0.450000	1.078074	-0.924973	0.267951	-0.657022
0.451000	1.077344	-0.922104	0.265082	-0.657022
0.452000	1.076618	-0.919183	0.262161	-0.657022
0.453000	1.075896	-0.916211	0.259189	-0.657022
0.454000	1.075178	-0.913188	0.256166	-0.657022
0.455000	1.074464	-0.910116	0.253094	-0.657022
0.456000	1.073755	-0.906996	0.249974	-0.657022
0.457000	1.073050	-0.903827	0.246805	-0.657022
0.458000	1.072350	-0.900611	0.243590	-0.657022
0.459000	1.071654	-0.897350	0.240328	-0.657022
0.460000	1.070963	-0.894043	0.237021	-0.657022
0.461000	1.070277	-0.890693	0.233671	-0.657022
0.462000	1.069596	-0.887300	0.230278	-0.657022
0.463000	1.068920	-0.883865	0.226843	-0.657022
0.464000	1.068249	-0.880390	0.223368	-0.657022
0.465000	1.067583	-0.876876	0.219854	-0.657021
0.466000	1.066922	-0.873324	0.216302	-0.657021
0.467000	1.066267	-0.869736	0.212715	-0.657021
0.468000	1.065618	-0.866113	0.209092	-0.657021
0.469000	1.064974	-0.862457	0.205436	-0.657021
0.470000	1.064336	-0.858769	0.201748	-0.657021
0.471000	1.063704	-0.855051	0.198031	-0.657021
0.472000	1.063077	-0.851305	0.194285	-0.657021
0.473000	1.062457	-0.847533	0.190512	-0.657021
0.474000	1.061843	-0.843735	0.186715	-0.657021
0.475000	1.061235	-0.839915	0.182894	-0.657021
0.476000	1.060633	-0.836074	0.179053	-0.657020
0.477000	1.060038	-0.832213	0.175193	-0.657020
0.478000	1.059449	-0.828336	0.171316	-0.657020
0.479000	1.058867	-0.824443	0.167423	-0.657020
0.480000	1.058292	-0.820538	0.163518	-0.657020
0.481000	1.057724	-0.816622	0.159603	-0.657020
0.482000	1.057162	-0.812698	0.155679	-0.657020
0.483000	1.056608	-0.808768	0.151748	-0.657020
0.484000	1.056060	-0.804834	0.147814	-0.657019
0.485000	1.055520	-0.800898	0.143879	-0.657019
0.486000	1.054987	-0.796963	0.139944	-0.657019
0.487000	1.054462	-0.793032	0.136013	-0.657019
0.488000	1.053944	-0.789106	0.132088	-0.657019
0.489000	1.053434	-0.785189	0.128171	-0.657019
0.490000	1.052932	-0.781283	0.124265	-0.657019
0.491000	1.052437	-0.777390	0.120372	-0.657018
0.492000	1.051950	-0.773514	0.116496	-0.657018
0.493000	1.051472	-0.769656	0.112638	-0.657018
0.494000	1.051001	-0.765820	0.108802	-0.657018
0.495000	1.050539	-0.762007	0.104989	-0.657018
0.496000	1.050085	-0.758222	0.101204	-0.657018
0.497000	1.049639	-0.754466	0.097448	-0.657017
0.498000	1.049202	-0.750742	0.093725	-0.657017
0.499000	1.048773	-0.747053	0.090036	-0.657017
0.500000	1.048353	-0.743402	0.086386	-0.657017
0.501000	1.047942	-0.739792	0.082775	-0.657017
0.502000	1.047539	-0.736225	0.079209	-0.657017
0.503000	1.047146	-0.732704	0.075688	-0.657016
0.504000	1.046761	-0.729232	0.072216	-0.657016
0.505000	1.046386	-0.725811	0.068795	-0.657016
0.506000	1.046019	-0.722445	0.065429	-0.657016
0.507000	1.045662	-0.719136	0.062120	-0.657016
0.508000	1.045314	-0.715886	0.058870	-0.657016
0.509000	1.044976	-0.712699	0.055683	-0.657015
0.510000	1.044647	-0.709576	0.052561	-0.657015
0.511000	1.044327	-0.706522	0.049507	-0.657015
0.512000	1.044017	-0.703537	0.046522	-0.657015
0.513000	1.043717	-0.700626	0.043611	-0.657015
0.514000	1.043427	-0.697789	0.040774	-0.657015
0.515000	1.043146	-0.695030	0.038016	-0.657015
0.516000	1.042875	-0.692352	0.035337	-0.657014
0.517000	1.042614	-0.689755	0.032741	-0.657014
0.518000	1.042364	-0.687244	0.030230	-0.657014
0.519000	1.042123	-0.684819	0.027805	-0.657014
0.520000	1.041892	-0.682484	0.025470	-0.657014
0.521000	1.041671	-0.680239	0.023226	-0.657014
0.522000	1.041461	-0.678088	0.021075	-0.657014
0.523000	1.041261	-0.676032	0.019019	-0.657013
0.524000	1.041071	-0.674074	0.017060	-0.657013
0.525000	1.040891	-0.672214	0.015201	-0.657013
0.526000	1.040722	-0.670455	0.013442	-0.657013
0.527000	1.040563	-0.668798	0.011785	-0.657013
0.528000	1.040415	-0.667244	0.010232	-0.657013
0.529000	1.040277	-0.665796	0.008784	-0.657013
0.530000	1.040150	-0.664455	0.007442	-0.657013
0.531000	1.040033	-0.663222	0.006209	-0.657013
0.532000	1.039927	-0.662097	0.005084	-0.657013
0.533000	1.039832	-0.661083	0.004070	-0.657013
0.534000	1.039747	-0.660179	0.003167	-0.657013
0.535000	1.039672	-0.659388	0.002375	-0.657012
0.536000	1.039609	-0.658709	0.001696	-0.657012
0.537000	1.039556	-0.658143	0.001131	-0.657012
0.538000	1.039514	-0.657692	0.000679	-0.657012
0.539000	1.039482	-0.657354	0.000342	-0.657012
0.540000	1.039461	-0.657131	0.000119	-0.657012
0.541000	1.039451	-0.657023	0.000011	-0.657012
0.542000	1.039452	-0.657030	0.000018	-0.657012
0.543000	1.039463	-0.657152	0.000140	-0.657012
0.544000	1.039485	-0.657389	0.000376	-0.657012
0.545000	1.039518	-0.657740	0.000728	-0.657012
0.546000	1.039562	-0.658205	0.001193	-0.657012
0.547000	1.039616	-0.658785	0.001772	-0.657012
0.548000	1.039681	-0.659477	0.002465	-0.657012
0.549000	1.039756	-0.660282	0.003270	-0.657013
0.550000	1.039842	-0.661199	0.004186	-0.657013
0.551000	1.039939	-0.662227	0.005214	-0.657013
0.552000	1.040047	-0.663364	0.006352	-0.657013
0.553000	1.040165	-0.664611	0.007598	-0.657013
0.554000	1.040293	-0.665965	0.008952	-0.657013
0.555000	1.040432	-0.667426	0.010413	-0.657013
0.556000	1.040582	-0.668992	0.011979	-0.657013
0.557000	1.040742	-0.670661	0.013648	-0.657013
0.558000	1.040912	-0.672432	0.015419	-0.657013
0.559000	1.041093	-0.674304	0.017291	-0.657013
0.560000	1.041284	-0.676275	0.019261	-0.657013
0.561000	1.041486	-0.678342	0.021329	-0.657014
0.562000	1.041697	-0.680505	0.023491	-0.657014
0.563000	1.041919	-0.682760	0.025746	-0.657014
0.564000	1.042151	-0.685106	0.028092	-0.657014
0.565000	1.042393	-0.687541	0.030527	-0.657014
0.566000	1.042645	-0.690063	0.033049	-0.657014
0.567000	1.042907	-0.692670	0.035655	-0.657014
0.568000	1.043179	-0.695358	0.038344	-0.657015
0.569000	1.043461	-0.698126	0.041112	-0.657015
0.570000	1.043753	-0.700972	0.043957	-0.657015
0.571000	1.044054	-0.703893	0.046878	-0.657015
0.572000	1.044365	-0.706886	0.049871	-0.657015
0.573000	1.044686	-0.709949	0.052933	-0.657015
0.574000	1.045016	-0.713079	0.056064	-0.657015
0.575000	1.045356	-0.716274	0.059258	-0.657016
0.576000	1.045705	-0.719531	0.062515	-0.657016
0.577000	1.046063	-0.722847	0.065831	-0.657016
0.578000	1.046430	-0.726220	0.069204	-0.657016
0.579000	1.046807	-0.729647	0.072631	-0.657016
0.580000	1.047193	-0.733125	0.076109	-0.657016
0.581000	1.047587	-0.736652	0.079636	-0.657017
0.582000	1.047991	-0.740225	0.083208	-0.657017
0.583000	1.048403	-0.743840	0.086823	-0.657017
0.584000	1.048824	-0.747495	0.090478	-0.657017
0.585000	1.049254	-0.751189	0.094171	-0.657017
0.586000	1.049692	-0.754916	0.097899	-0.657017
0.587000	1.050139	-0.758676	0.101658	-0.657018
0.588000	1.050594	-0.762465	0.105447	-0.657018
0.589000	1.051057	-0.766280	0.109262	-0.657018
0.590000	1.051529	-0.770119	0.113101	-0.657018
0.591000	1.052008	-0.773980	0.116961	-0.657018
0.592000	1.052496	-0.777858	0.120840	-0.657018
0.593000	1.052992	-0.781753	0.124734	-0.657019
0.594000	1.053495	-0.785660	0.128642	-0.657019
0.595000	1.054006	-0.789579	0.132560	-0.657019
0.596000	1.054525	-0.793505	0.136486	-0.657019
0.597000	1.055051	-0.797437	0.140418	-0.657019
0.598000	1.055585	-0.801372	0.144353	-0.657019
0.599000	1.056126	-0.805307	0.148288	-0.657019
0.600000	1.056674	-0.809241	0.152222	-0.657020
0.601000	1.057229	-0.813171	0.156151	-0.657020
0.602000	1.057792	-0.817094	0.160074	-0.657020
0.603000	1.058361	-0.821009	0.163989	-0.657020
0.604000	1.058937	-0.824913	0.167893	-0.657020
0.605000	1.059520	-0.828803	0.171783	-0.657020
0.606000	1.060109	-0.832679	0.175658	-0.657020
0.607000	1.060705	-0.836537	0.179517	-0.657020
0.608000	1.061308	-0.840376	0.183355	-0.657021
0.609000	1.061916	-0.844194	0.187173	-0.657021
0.610000	1.062531	-0.847988	0.190967	-0.657021
0.611000	1.063152	-0.851758	0.194737	-0.657021
0.612000	1.063780	-0.855501	0.198480	-0.657021
0.613000	1.064413	-0.859215	0.202194	-0.657021
0.614000	1.065051	-0.862899	0.205878	-0.657021
0.615000	1.065696	-0.866551	0.209530	-0.657021
0.616000	1.066346	-0.870170	0.213148	-0.657021
0.617000	1.067002	-0.873753	0.216732	-0.657021
0.618000	1.067663	-0.877301	0.220279	-0.657021
0.619000	1.068329	-0.880810	0.223789	-0.657022
0.620000	1.069001	-0.884280	0.227259	-0.657022
0.621000	1.069678	-0.887710	0.230689	-0.657022
0.622000	1.070359	-0.891098	0.234077	-0.657022
0.623000	1.071046	-0.894444	0.237422	-0.657022
0.624000	1.071738	-0.897745	0.240723	-0.657022
0.625000	1.072434	-0.901001	0.243979	-0.657022
0.626000	1.073135	-0.904211	0.247189	-0.657022
0.627000	1.073840	-0.907374	0.250352	-0.657022
0.628000	1.074550	-0.910489	0.253467	-0.657022
0.629000	1.075264	-0.913555	0.256533	-0.657022
0.630000	1.075982	-0.916571	0.259549	-0.657022
0.631000	1.076705	-0.919537	0.262515	-0.657022
0.632000	1.077432	-0.922452	0.265430	-0.657022
0.633000	1.078162	-0.925315	0.268293	-0.657022
0.634000	1.078897	-0.928126	0.271104	-0.657022
0.635000	1.079635	-0.930884	0.273862	-0.657022
0.636000	1.080377	-0.933588	0.276566	-0.657022
0.637000	1.081122	-0.936239	0.279217	-0.657022
0.638000	1.081871	-0.938835	0.281813	-0.657022
0.639000	1.082624	-0.941376	0.284354	-0.657022
0.640000	1.083380	-0.943863	0.286841	-0.657022
0.641000	1.084139	-0.946294	0.289272	-0.657022
0.642000	1.084901	-0.948669	0.291647	-0.657022
0.643000	1.085666	-0.950989	0.293967	-0.657022
0.644000	1.086434	-0.953253	0.296230	-0.657022
0.645000	1.087206	-0.955460	0.298438	-0.657022
0.646000	1.087980	-0.957612	0.300589	-0.657022
0.647000	1.088756	-0.959707	0.302685	-0.657022
0.648000	1.089536	-0.961745	0.304723	-0.657022
0.649000	1.090318	-0.963728	0.306706	-0.657022
0.650000	1.091102	-0.965654	0.308632	-0.657022
0.651000	1.091889	-0.967524	0.310502	-0.657022
0.652000	1.092678	-0.969338	0.312316	-0.657022
0.653000	1.093470	-0.971096	0.314074	-0.657022
0.654000	1.094263	-0.972799	0.315777	-0.657022
0.655000	1.095059	-0.974445	0.317423	-0.657022
0.656000	1.095857	-0.976037	0.319015	-0.657022
0.657000	1.096657	-0.977573	0.320551	-0.657022
0.658000	1.097458	-0.979054	0.322032	-0.657022
0.659000	1.098262	-0.980480	0.323459	-0.657022
0.660000	1.099067	-0.981853	0.324831	-0.657022
0.661000	1.099874	-0.983171	0.326149	-0.657022
0.662000	1.100682	-0.984436	0.327414	-0.657022
0.663000	1.101492	-0.985647	0.328626	-0.657022
0.664000	1.102303	-0.986806	0.329784	-0.657022
0.665000	1.103116	-0.987912	0.330890	-0.657022
0.666000	1.103930	-0.988966	0.331944	-0.657021
0.667000	1.104746	-0.989968	0.332947	-0.657021
0.668000	1.105563	-0.990919	0.333898	-0.657021
0.669000	1.106380	-0.991820	0.334798	-0.657021
0.670000	1.107199	-0.992670	0.335649	-0.657021
0.671000	1.108019	-0.993471	0.336449	-0.657021
0.672000	1.108840	-0.994222	0.337201	-0.657021
0.673000	1.109661	-0.994925	0.337904	-0.657021
0.674000	1.110484	-0.995579	0.338558	-0.657021
0.675000	1.111307	-0.996186	0.339165	-0.657021
0.676000	1.112131	-0.996746	0.339725	-0.657021
0.677000	1.112956	-0.997259	0.340238	-0.657021
0.678000	1.113781	-0.997726	0.340705	-0.657021
0.679000	1.114607	-0.998148	0.341127	-0.657021
0.680000	1.115433	-0.998525	0.341504	-0.657021
0.681000	1.116260	-0.998857	0.341836	-0.657021
0.682000	1.117087	-0.999146	0.342125	-0.657021
0.683000	1.117914	-0.999392	0.342371	-0.657021
0.684000	1.118742	-0.999595	0.342575	-0.657021
0.685000	1.119569	-0.999757	0.342736	-0.657021
0.686000	1.120397	-0.999877	0.342856	-0.657021
0.687000	1.121226	-0.999956	0.342936	-0.657020
0.688000	1.122054	-0.999995	0.342975	-0.657020
0.689000	1.122882	-0.999995	0.342975	-0.657020
0.690000	1.123710	-0.999956	0.342936	-0.657020
0.691000	1.124538	-0.999878	0.342858	-0.657020
0.692000	1.125366	-0.999763	0.342743	-0.657020
0.693000	1.126194	-0.999611	0.342591	-0.657020
0.694000	1.127022	-0.999423	0.342402	-0.657020
0.695000	1.127849	-0.999198	0.342178	-0.657020
0.696000	1.128676	-0.998938	0.341918	-0.657020
0.697000	1.129503	-0.998644	0.341624	-0.657020
0.698000	1.130330	-0.998316	0.341296	-0.657020
0.699000	1.131156	-0.997954	0.340934	-0.657020
0.700000	1.131981	-0.997559	0.340539	-0.657020
0.701000	1.132806	-0.997132	0.340112	-0.657020
0.702000	1.133631	-0.996674	0.339654	-0.657020
0.703000	1.134455	-0.996184	0.339164	-0.657020
0.704000	1.135278	-0.995664	0.338644	-0.657020
0.705000	1.136100	-0.995114	0.338094	-0.657020
0.706000	1.136922	-0.994535	0.337515	-0.657020
0.707000	1.137744	-0.993927	0.336907	-0.657019
0.708000	1.138564	-0.993291	0.336271	-0.657019
0.709000	1.139384	-0.992627	0.335608	-0.657019
0.710000	1.140203	-0.991936	0.334917	-0.657019
0.711000	1.141021	-0.991219	0.334200	-0.657019
0.712000	1.141838	-0.990476	0.333457	-0.657019
0.713000	1.142654	-0.989708	0.332688	-0.657019
0.714000	1.143469	-0.988914	0.331895	-0.657019
0.715000	1.144283	-0.988097	0.331078	-0.657019
0.716000	1.145097	-0.987256	0.330237	-0.657019
0.717000	1.145909	-0.986391	0.329372	-0.657019
0.718000	1.146720	-0.985504	0.328485	-0.657019
0.719000	1.147530	-0.984595	0.327576	-0.657019
0.720000	1.148339	-0.983664	0.326645	-0.657019
0.721000	1.149146	-0.982712	0.325693	-0.657019
0.722000	1.149953	-0.981739	0.324720	-0.657019
0.723000	1.150758	-0.980746	0.323728	-0.657019
0.724000	1.151562	-0.979734	0.322715	-0.657019
0.725000	1.152365	-0.978702	0.321684	-0.657019
0.726000	1.153166	-0.977652	0.320633	-0.657019
0.727000	1.153967	-0.976583	0.319565	-0.657019
0.728000	1.154765	-0.975497	0.318478	-0.657019
0.729000	1.155563	-0.974393	0.317375	-0.657019
0.730000	1.156359	-0.973273	0.316255	-0.657019
0.731000	1.157153	-0.972136	0.315118	-0.657019
0.732000	1.157947	-0.970984	0.313965	-0.657019
0.733000	1.158738	-0.969815	0.312797	-0.657018
0.734000	1.159528	-0.968632	0.311614	-0.657018
0.735000	1.160317	-0.967434	0.310416	-0.657018
0.736000	1.161104	-0.966222	0.309203	-0.657018
0.737000	1.161890	-0.964996	0.307977	-0.657018
0.738000	1.162674	-0.963756	0.306738	-0.657018
0.739000	1.163456	-0.962504	0.305486	-0.657018
0.740000	1.164237	-0.961239	0.304221	-0.657018
0.741000	1.165016	-0.959961	0.302943	-0.657018
0.742000	1.165794	-0.958672	0.301654	-0.657018
0.743000	1.166570	-0.957372	0.300354	-0.657018
0.744000	1.167344	-0.956060	0.299042	-0.657018
0.745000	1.168117	-0.954738	0.297719	-0.657018
0.746000	1.168887	-0.953405	0.296387	-0.657018
0.747000	1.169656	-0.952062	0.295044	-0.657018
0.748000	1.170424	-0.950709	0.293691	-0.657018
0.749000	1.171189	-0.949348	0.292330	-0.657018
0.750000	1.171953	-0.947977	0.290959	-0.657018
0.751000	1.172715	-0.946597	0.289579	-0.657018
0.752000	1.173475	-0.945209	0.288191	-0.657018
0.753000	1.174233	-0.943814	0.286796	-0.657018
0.754000	1.174990	-0.942410	0.285392	-0.657018
0.755000	1.175744	-0.940999	0.283981	-0.657018
0.756000	1.176497	-0.939581	0.282563	-0.657018
0.757000	1.177248	-0.938156	0.281138	-0.657018
0.758000	1.177997	-0.936725	0.279707	-0.657018
0.759000	1.178744	-0.935287	0.278270	-0.657018
0.760000	1.179489	-0.933844	0.276826	-0.657018
0.761000	1.180232	-0.932395	0.275377	-0.657018
0.762000	1.180973	-0.930940	0.273923	-0.657018
0.763000	1.181712	-0.929481	0.272463	-0.657018
0.764000	1.182449	-0.928017	0.270999	-0.657018
0.765000	1.183185	-0.926548	0.269530	-0.657018
0.766000	1.183918	-0.925074	0.268057	-0.657018
0.767000	1.184649	-0.923597	0.266579	-0.657018
0.768000	1.185378	-0.922116	0.265098	-0.657018
0.769000	1.186105	-0.920631	0.263613	-0.657018
0.770000	1.186830	-0.919143	0.262125	-0.657018
0.771000	1.187553	-0.917651	0.260634	-0.657018
0.772000	1.188274	-0.916157	0.259140	-0.657018
0.773000	1.188993	-0.914660	0.257643	-0.657018
0.774000	1.189710	-0.913161	0.256143	-0.657017
0.775000	1.190425	-0.911659	0.254642	-0.657017
0.776000	1.191137	-0.910156	0.253138	-0.657017
0.777000	1.191848	-0.908650	0.251633	-0.657017
0.778000	1.192556	-0.907143	0.250126	-0.657017
0.779000	1.193262	-0.905635	0.248617	-0.657017
0.780000	1.193966	-0.904125	0.247107	-0.657017
0.781000	1.194668	-0.902614	0.245597	-0.657017
0.782000	1.195368	-0.901102	0.244085	-0.657017
0.783000	1.196066	-0.899590	0.242572	-0.657017
0.784000	1.196761	-0.898077	0.241060	-0.657017
0.785000	1.197454	-0.896564	0.239546	-0.657017
0.786000	1.198145	-0.895050	0.238033	-0.657017
0.787000	1.198834	-0.893537	0.236519	-0.657017
0.788000	1.199521	-0.892023	0.235006	-0.657017
0.789000	1.200206	-0.890511	0.233493	-0.657017
0.790000	1.200888	-0.888998	0.231981	-0.657017
0.791000	1.201568	-0.887486	0.230469	-0.657017
0.792000	1.202246	-0.885975	0.228958	-0.657017
0.793000	1.202921	-0.884465	0.227448	-0.657017
0.794000	1.203595	-0.882956	0.225939	-0.657017
0.795000	1.204266	-0.881448	0.224431	-0.657017
0.796000	1.204934	-0.879942	0.222924	-0.657017
0.797000	1.205601	-0.878437	0.221419	-0.657017
0.798000	1.206265	-0.876933	0.219916	-0.657017
0.799000	1.206927	-0.875432	0.218414	-0.657017
0.800000	1.207587	-0.873932	0.216915	-0.657017
0.801000	1.208245	-0.872434	0.215417	-0.657017
0.802000	1.208900	-0.870938	0.213921	-0.657017
0.803000	1.209553	-0.869445	0.212428	-0.657017
0.804000	1.210204	-0.867954	0.210937	-0.657017
0.805000	1.210852	-0.866465	0.209448	-0.657017
0.806000	1.211498	-0.864979	0.207962	-0.657017
0.807000	1.212142	-0.863496	0.206479	-0.657017
0.808000	1.212783	-0.862015	0.204998	-0.657017
0.809000	1.213422	-0.860537	0.203520	-0.657017
0.810000	1.214059	-0.859062	0.202045	-0.657017
0.811000	1.214694	-0.857591	0.200574	-0.657017
0.812000	1.215326	-0.856122	0.199105	-0.657017
0.813000	1.215956	-0.854657	0.197640	-0.657017
0.814000	1.216583	-0.853195	0.196178	-0.657017
0.815000	1.217209	-0.851736	0.194719	-0.657017
0.816000	1.217832	-0.850281	0.193264	-0.657017
0.817000	1.218452	-0.848830	0.191813	-0.657017
0.818000	1.219070	-0.847382	0.190365	-0.657017
0.819000	1.219686	-0.845938	0.188921	-0.657017
0.820000	1.220300	-0.844498	0.187481	-0.657017
0.821000	1.220911	-0.843062	0.186045	-0.657017
0.822000	1.221520	-0.841630	0.184613	-0.657017
0.823000	1.222126	-0.840202	0.183185	-0.657017
0.824000	1.222730	-0.838778	0.181761	-0.657017
0.825000	1.223332	-0.837358	0.180341	-0.657017
0.826000	1.223931	-0.835942	0.178925	-0.657017
0.827000	1.224528	-0.834531	0.177514	-0.657017
0.828000	1.225123	-0.833124	0.176107	-0.657017
0.829000	1.225715	-0.831722	0.174705	-0.657017
0.830000	1.226305	-0.830324	0.173307	-0.657017
0.831000	1.226893	-0.828931	0.171914	-0.657017
0.832000	1.227478	-0.827542	0.170525	-0.657017
0.833000	1.228061	-0.826158	0.169141	-0.657017
0.834000	1.228641	-0.824779	0.167762	-0.657017
0.835000	1.229219	-0.823404	0.166388	-0.657017
0.836000	1.229795	-0.822035	0.165018	-0.657017
0.837000	1.230368	-0.820670	0.163653	-0.657017
0.838000	1.230939	-0.819310	0.162293	-0.657017
0.839000	1.231508	-0.817955	0.160938	-0.657017
0.840000	1.232074	-0.816606	0.159589	-0.657017
0.841000	1.232638	-0.815261	0.158244	-0.657017
0.842000	1.233199	-0.813921	0.156904	-0.657017
0.843000	1.233758	-0.812587	0.155570	-0.657017
0.844000	1.234315	-0.811257	0.154240	-0.657017
0.845000	1.234869	-0.809933	0.152916	-0.657017
0.846000	1.235421	-0.808614	0.151598	-0.657017
0.847000	1.235970	-0.807301	0.150284	-0.657017
0.848000	1.236517	-0.805993	0.148976	-0.657017
0.849000	1.237062	-0.804690	0.147673	-0.657017
0.850000	1.237604	-0.803392	0.146375	-0.657017
0.851000	1.238144	-0.802100	0.145083	-0.657017
0.852000	1.238681	-0.800814	0.143797	-0.657017
0.853000	1.239217	-0.799533	0.142516	-0.657017
0.854000	1.239749	-0.798257	0.141240	-0.657017
0.855000	1.240279	-0.796987	0.139970	-0.657017
0.856000	1.240807	-0.795722	0.138706	-0.657017
0.857000	1.241333	-0.794464	0.137447	-0.657017
0.858000	1.241856	-0.793210	0.136193	-0.657017
0.859000	1.242377	-0.791963	0.134946	-0.657017
0.860000	1.242895	-0.790721	0.133704	-0.657017
0.861000	1.243411	-0.789484	0.132468	-0.657017
0.862000	1.243924	-0.788254	0.131237	-0.657017
0.863000	1.244436	-0.787029	0.130012	-0.657017
0.864000	1.244944	-0.785810	0.128793	-0.657017
0.865000	1.245451	-0.784596	0.127580	-0.657017
0.866000	1.245955	-0.783389	0.126372	-0.657017
0.867000	1.246456	-0.782187	0.125170	-0.657017
0.868000	1.246955	-0.780991	0.123974	-0.657017
0.869000	1.247452	-0.779801	0.122784	-0.657017
0.870000	1.247946	-0.778617	0.121600	-0.657017
0.871000	1.248438	-0.777438	0.120421	-0.657017
0.872000	1.248928	-0.776266	0.119249	-0.657017
0.873000	1.249415	-0.775099	0.118082	-0.657017
0.874000	1.249900	-0.773938	0.116921	-0.657017
0.875000	1.250382	-0.772783	0.115766	-0.657017
0.876000	1.250862	-0.771634	0.114617	-0.657017
0.877000	1.251340	-0.770491	0.113474	-0.657017
0.878000	1.251815	-0.769354	0.112337	-0.657017
0.879000	1.252288	-0.768223	0.111206	-0.657017
0.880000	1.252758	-0.767097	0.110081	-0.657017
0.881000	1.253226	-0.765978	0.108961	-0.657017
0.882000	1.253692	-0.764865	0.107848	-0.657017
0.883000	1.254155	-0.763757	0.106741	-0.657017
0.884000	1.254616	-0.762656	0.105639	-0.657017
0.885000	1.255074	-0.761561	0.104544	-0.657017
0.886000	1.255530	-0.760471	0.103454	-0.657017
0.887000	1.255984	-0.759388	0.102371	-0.657017
0.888000	1.256435	-0.758311	0.101294	-0.657017
0.889000	1.256884	-0.757239	0.100222	-0.657017
0.890000	1.257331	-0.756174	0.099157	-0.657017
0.891000	1.257775	-0.755114	0.098098	-0.657017
0.892000	1.258217	-0.754061	0.097044	-0.657017
0.893000	1.258656	-0.753014	0.095997	-0.657017
0.894000	1.259093	-0.751972	0.094955	-0.657017
0.895000	1.259528	-0.750937	0.093920	-0.657017
0.896000	1.259960	-0.749908	0.092891	-0.657017
0.897000	1.260390	-0.748884	0.091868	-0.657017
0.898000	1.260817	-0.747867	0.090850	-0.657017
0.899000	1.261242	-0.746856	0.089839	-0.657017
0.900000	1.261665	-0.745851	0.088834	-0.657017
0.901000	1.262085	-0.744852	0.087835	-0.657017
0.902000	1.262503	-0.743858	0.086842	-0.657017
0.903000	1.262919	-0.742871	0.085854	-0.657017
0.904000	1.263332	-0.741890	0.084873	-0.657017
0.905000	1.263743	-0.740915	0.083898	-0.657017
0.906000	1.264151	-0.739946	0.082929	-0.657017
0.907000	1.264557	-0.738983	0.081966	-0.657017
0.908000	1.264961	-0.738026	0.081009	-0.657017
0.909000	1.265362	-0.737075	0.080058	-0.657017
0.910000	1.265761	-0.736130	0.079113	-0.657017
0.911000	1.266158	-0.735191	0.078174	-0.657017
0.912000	1.266552	-0.734257	0.077241	-0.657017
0.913000	1.266944	-0.733330	0.076314	-0.657017
0.914000	1.267333	-0.732409	0.075392	-0.657017
0.915000	1.267720	-0.731494	0.074477	-0.657017
0.916000	1.268105	-0.730585	0.073568	-0.657017
0.917000	1.268488	-0.729682	0.072665	-0.657017
0.918000	1.268868	-0.728785	0.071768	-0.657017
0.919000	1.269245	-0.727894	0.070877	-0.657017
0.920000	1.269621	-0.727008	0.069991	-0.657017
0.921000	1.269994	-0.726129	0.069112	-0.657017
0.922000	1.270364	-0.725256	0.068239	-0.657017
0.923000	1.270733	-0.724388	0.067371	-0.657017
0.924000	1.271098	-0.723527	0.066510	-0.657017
0.925000	1.271462	-0.722671	0.065654	-0.657017
0.926000	1.271823	-0.721822	0.064805	-0.657017
0.927000	1.272182	-0.720978	0.063961	-0.657017
0.928000	1.272538	-0.720140	0.063123	-0.657017
0.929000	1.272893	-0.719308	0.062291	-0.657017
0.930000	1.273244	-0.718482	0.061465	-0.657017
0.931000	1.273594	-0.717662	0.060645	-0.657017
0.932000	1.273941	-0.716848	0.059831	-0.657017
0.933000	1.274286	-0.716040	0.059023	-0.657017
0.934000	1.274628	-0.715237	0.058220	-0.657017
0.935000	1.274968	-0.714441	0.057424	-0.657017
0.936000	1.275306	-0.713650	0.056633	-0.657017
0.937000	1.275641	-0.712865	0.055848	-0.657017
0.938000	1.275974	-0.712086	0.055069	-0.657017
0.939000	1.276305	-0.711313	0.054296	-0.657017
0.940000	1.276633	-0.710546	0.053529	-0.657017
0.941000	1.276959	-0.709784	0.052767	-0.657017
0.942000	1.277283	-0.709028	0.052011	-0.657017
0.943000	1.277604	-0.708278	0.051262	-0.657017
0.944000	1.277923	-0.707534	0.050517	-0.657017
0.945000	1.278240	-0.706796	0.049779	-0.657017
0.946000	1.278555	-0.706063	0.049047	-0.657017
0.947000	1.278867	-0.705337	0.048320	-0.657017
0.948000	1.279176	-0.704616	0.047599	-0.657017
0.949000	1.279484	-0.703900	0.046883	-0.657017
0.950000	1.279789	-0.703191	0.046174	-0.657017
0.951000	1.280091	-0.702487	0.045470	-0.657017
0.952000	1.280392	-0.701789	0.044772	-0.657017
0.953000	1.280690	-0.701097	0.044080	-0.657017
0.954000	1.280986	-0.700410	0.043393	-0.657017
0.955000	1.281279	-0.699729	0.042712	-0.657017
0.956000	1.281570	-0.699054	0.042037	-0.657017
0.957000	1.281859	-0.698385	0.041368	-0.657017
0.958000	1.282145	-0.697721	0.040704	-0.657017
0.959000	1.282430	-0.697063	0.040046	-0.657017
0.960000	1.282711	-0.696410	0.039393	-0.657017
0.961000	1.282991	-0.695763	0.038746	-0.657017
0.962000	1.283268	-0.695122	0.038105	-0.657017
0.963000	1.283543	-0.694487	0.037470	-0.657017
0.964000	1.283816	-0.693857	0.036840	-0.657017
0.965000	1.284086	-0.693232	0.036216	-0.657017
0.966000	1.284354	-0.692614	0.035597	-0.657017
0.967000	1.284620	-0.692001	0.034984	-0.657017
0.968000	1.284883	-0.691393	0.034376	-0.657017
0.969000	1.285144	-0.690791	0.033774	-0.657017
0.970000	1.285403	-0.690195	0.033178	-0.657017
0.971000	1.285659	-0.689604	0.032587	-0.657017
0.972000	1.285913	-0.689019	0.032002	-0.657017
0.973000	1.286165	-0.688440	0.031423	-0.657017
0.974000	1.286415	-0.687866	0.030849	-0.657017
0.975000	1.286662	-0.687297	0.030280	-0.657017
0.976000	1.286907	-0.686734	0.029717	-0.657017
0.977000	1.287150	-0.686177	0.029160	-0.657017
0.978000	1.287390	-0.685625	0.028608	-0.657017
0.979000	1.287628	-0.685078	0.028061	-0.657017
0.980000	1.287864	-0.684537	0.027520	-0.657017
0.981000	1.288097	-0.684002	0.026985	-0.657017
0.982000	1.288328	-0.683472	0.026455	-0.657017
0.983000	1.288557	-0.682947	0.025930	-0.657017
0.984000	1.288784	-0.682428	0.025411	-0.657017
0.985000	1.289008	-0.681915	0.024898	-0.657017
0.986000	1.289230	-0.681407	0.024390	-0.657017
0.987000	1.289450	-0.680904	0.023887	-0.657017
0.988000	1.289667	-0.680407	0.023390	-0.657017
0.989000	1.289882	-0.679915	0.022898	-0.657017
0.990000	1.290095	-0.679429	0.022412	-0.657017
0.991000	1.290306	-0.678948	0.021931	-0.657017
0.992000	1.290514	-0.678472	0.021455	-0.657017
0.993000	1.290720	-0.678002	0.020985	-0.657017
0.994000	1.290924	-0.677537	0.020520	-0.657017
0.995000	1.291125	-0.677078	0.020061	-0.657017
0.996000	1.291325	-0.676623	0.019607	-0.657017
0.997000	1.291521	-0.676175	0.019158	-0.657017
0.998000	1.291716	-0.675731	0.018715	-0.657017
0.999000	1.291908	-0.675293	0.018277	-0.657017
1.000000	1.292098	-0.674861	0.017844	-0.657017
1.001000	1.292286	-0.674434	0.017417	-0.657017
1.002000	1.292472	-0.674012	0.016995	-0.657017
1.003000	1.292655	-0.673595	0.016578	-0.657017
1.004000	1.292836	-0.673184	0.016167	-0.657017
1.005000	1.293014	-0.672778	0.015761	-0.657017
1.006000	1.293191	-0.672377	0.015360	-0.657017
1.007000	1.293365	-0.671981	0.014964	-0.657017
1.008000	1.293537	-0.671591	0.014574	-0.657017
1.009000	1.293706	-0.671206	0.014189	-0.657017
1.010000	1.293874	-0.670827	0.013810	-0.657017
1.011000	1.294039	-0.670452	0.013436	-0.657017
1.012000	1.294202	-0.670083	0.013066	-0.657017
1.013000	1.294362	-0.669720	0.012703	-0.657017
1.014000	1.294520	-0.669361	0.012344	-0.657017
1.015000	1.294676	-0.669008	0.011991	-0.657017
1.016000	1.294830	-0.668660	0.011643	-0.657017
1.017000	1.294982	-0.668317	0.011300	-0.657017
1.018000	1.295131	-0.667979	0.010962	-0.657017
1.019000	1.295278	-0.667647	0.010630	-0.657017
1.020000	1.295422	-0.667320	0.010303	-0.657017
1.021000	1.295565	-0.666998	0.009981	-0.657017
1.022000	1.295705	-0.666681	0.009664	-0.657017
1.023000	1.295843	-0.666369	0.009352	-0.657017
1.024000	1.295979	-0.666063	0.009046	-0.657017
1.025000	1.296112	-0.665762	0.008745	-0.657017
1.026000	1.296243	-0.665466	0.008449	-0.657017
1.027000	1.296372	-0.665175	0.008158	-0.657017
1.028000	1.296499	-0.664889	0.007872	-0.657017
1.029000	1.296623	-0.664608	0.007592	-0.657017
1.030000	1.296745	-0.664333	0.007316	-0.657017
1.031000	1.296865	-0.664063	0.007046	-0.657017
1.032000	1.296982	-0.663798	0.006781	-0.657017
1.033000	1.297098	-0.663538	0.006521	-0.657017
1.034000	1.297211	-0.663283	0.006266	-0.657017
1.035000	1.297322	-0.663033	0.006016	-0.657017
1.036000	1.297430	-0.662789	0.005772	-0.657017
1.037000	1.297536	-0.662549	0.005533	-0.657017
1.038000	1.297641	-0.662315	0.005298	-0.657017
1.039000	1.297742	-0.662086	0.005069	-0.657017
1.040000	1.297842	-0.661862	0.004845	-0.657017
1.041000	1.297939	-0.661643	0.004626	-0.657017
1.042000	1.298034	-0.661429	0.004412	-0.657017
1.043000	1.298127	-0.661220	0.004204	-0.657017
1.044000	1.298218	-0.661017	0.004000	-0.657017
1.045000	1.298306	-0.660818	0.003801	-0.657017
1.046000	1.298392	-0.660625	0.003608	-0.657017
1.047000	1.298476	-0.660436	0.003419	-0.657017
1.048000	1.298557	-0.660253	0.003236	-0.657017
1.049000	1.298637	-0.660075	0.003058	-0.657017
1.050000	1.298714	-0.659902	0.002885	-0.657017
1.051000	1.298789	-0.659734	0.002717	-0.657017
1.052000	1.298861	-0.659571	0.002554	-0.657017
1.053000	1.298932	-0.659413	0.002396	-0.657017
1.054000	1.299000	-0.659260	0.002243	-0.657017
1.055000	1.299066	-0.659112	0.002095	-0.657017
1.056000	1.299129	-0.658969	0.001952	-0.657017
1.057000	1.299191	-0.658832	0.001815	-0.657017
1.058000	1.299250	-0.658699	0.001682	-0.657017
1.059000	1.299307	-0.658571	0.001554	-0.657017
1.060000	1.299361	-0.658449	0.001432	-0.657017
1.061000	1.299414	-0.658331	0.001314	-0.657017
1.062000	1.299464	-0.658219	0.001202	-0.657017
1.063000	1.299512	-0.658111	0.001094	-0.657017
1.064000	1.299557	-0.658009	0.000992	-0.657017
1.065000	1.299601	-0.657912	0.000895	-0.657017
1.066000	1.299642	-0.657819	0.000802	-0.657017
1.067000	1.299681	-0.657732	0.000715	-0.657017
1.068000	1.299718	-0.657650	0.000633	-0.657017
1.069000	1.299752	-0.657573	0.000556	-0.657017
1.070000	1.299784	-0.657500	0.000483	-0.657017
1.071000	1.299814	-0.657433	0.000416	-0.657017
1.072000	1.299842	-0.657371	0.000354	-0.657017
1.073000	1.299867	-0.657314	0.000297	-0.657017
1.074000	1.299891	-0.657262	0.000245	-0.657017
1.075000	1.299912	-0.657215	0.000198	-0.657017
1.076000	1.299930	-0.657173	0.000156	-0.657017
1.077000	1.299947	-0.657136	0.000119	-0.657017
1.078000	1.299961	-0.657104	0.000087	-0.657017
1.079000	1.299973	-0.657077	0.000060	-0.657017
1.080000	1.299983	-0.657055	0.000038	-0.657017
1.081000	1.299991	-0.657038	0.000021	-0.657017
1.082000	1.299996	-0.657026	0.000009	-0.657017
1.083000	1.299999	-0.657019	0.000002	-0.657017
1.084000	1.300000	-0.657017	0.000000	-0.657017
1.085000	1.299999	-0.657020	0.000003	-0.657017
1.086000	1.299995	-0.657028	0.000011	-0.657017
1.087000	1.299989	-0.657041	0.000024	-0.657017
1.088000	1.299981	-0.657060	0.000043	-0.657017
1.089000	1.299971	-0.657083	0.000066	-0.657017
1.090000	1.299958	-0.657111	0.000094	-0.657017
1.091000	1.299943	-0.657144	0.000127	-0.657017
1.092000	1.299926	-0.657182	0.000165	-0.657017
1.093000	1.299907	-0.657226	0.000209	-0.657017
1.094000	1.299885	-0.657274	0.000257	-0.657017
1.095000	1.299861	-0.657327	0.000310	-0.657017
1.096000	1.299835	-0.657386	0.000369	-0.657017
1.097000	1.299807	-0.657449	0.000432	-0.657017
1.098000	1.299777	-0.657517	0.000500	-0.657017
1.099000	1.299744	-0.657591	0.000574	-0.657017
1.100000	1.299709	-0.657669	0.000652	-0.657017
1.101000	1.299672	-0.657753	0.000736	-0.657017
1.102000	1.299632	-0.657841	0.000824	-0.657017
1.103000	1.299590	-0.657935	0.000918	-0.657017
1.104000	1.299547	-0.658033	0.001016	-0.657017
1.105000	1.299500	-0.658137	0.001120	-0.657017
1.106000	1.299452	-0.658245	0.001229	-0.657017
1.107000	1.299401	-0.658359	0.001342	-0.657017
1.108000	1.299348	-0.658478	0.001461	-0.657017
1.109000	1.299293	-0.658602	0.001585	-0.657017
1.110000	1.299236	-0.658730	0.001714	-0.657017
1.111000	1.299176	-0.658864	0.001847	-0.657017
1.112000	1.299114	-0.659003	0.001986	-0.657017
1.113000	1.299050	-0.659147	0.002130	-0.657017
1.114000	1.298984	-0.659296	0.002279	-0.657017
1.115000	1.298915	-0.659450	0.002433	-0.657017
1.116000	1.298844	-0.659609	0.002593	-0.657017
1.117000	1.298771	-0.659774	0.002757	-0.657017
1.118000	1.298696	-0.659943	0.002926	-0.657017
1.119000	1.298618	-0.660117	0.003100	-0.657017
1.120000	1.298538	-0.660297	0.003280	-0.657017
1.121000	1.298456	-0.660481	0.003464	-0.657017
1.122000	1.298372	-0.660671	0.003654	-0.657017
1.123000	1.298285	-0.660866	0.003849	-0.657017
1.124000	1.298196	-0.661065	0.004048	-0.657017
1.125000	1.298105	-0.661270	0.004253	-0.657017
1.126000	1.298012	-0.661480	0.004463	-0.657017
1.127000	1.297916	-0.661695	0.004678	-0.657017
1.128000	1.297818	-0.661915	0.004899	-0.657017
1.129000	1.297718	-0.662141	0.005124	-0.657017
1.130000	1.297616	-0.662371	0.005354	-0.657017
1.131000	1.297511	-0.662607	0.005590	-0.657017
1.132000	1.297404	-0.662847	0.005830	-0.657017
1.133000	1.297295	-0.663093	0.006076	-0.657017
1.134000	1.297184	-0.663344	0.006327	-0.657017
1.135000	1.297070	-0.663600	0.006583	-0.657017
1.136000	1.296954	-0.663861	0.006844	-0.657017
1.137000	1.296836	-0.664127	0.007111	-0.657017
1.138000	1.296716	-0.664399	0.007382	-0.657017
1.139000	1.296593	-0.664676	0.007659	-0.657017
1.140000	1.296468	-0.664957	0.007940	-0.657017
1.141000	1.296341	-0.665244	0.008227	-0.657017
1.142000	1.296212	-0.665536	0.008519	-0.657017
1.143000	1.296080	-0.665834	0.008817	-0.657017
1.144000	1.295946	-0.666136	0.009119	-0.657017
1.145000	1.295810	-0.666444	0.009427	-0.657017
1.146000	1.295671	-0.666757	0.009740	-0.657017
1.147000	1.295531	-0.667075	0.010058	-0.657017
1.148000	1.295388	-0.667398	0.010381	-0.657017
1.149000	1.295243	-0.667726	0.010709	-0.657017
1.150000	1.295095	-0.668060	0.011043	-0.657017
1.151000	1.294945	-0.668399	0.011382	-0.657017
1.152000	1.294793	-0.668743	0.011726	-0.657017
1.153000	1.294639	-0.669092	0.012075	-0.657017
1.154000	1.294483	-0.669447	0.012430	-0.657017
1.155000	1.294324	-0.669807	0.012790	-0.657017
1.156000	1.294163	-0.670172	0.013155	-0.657017
1.157000	1.293999	-0.670542	0.013525	-0.657017
1.158000	1.293834	-0.670918	0.013901	-0.657017
1.159000	1.293666	-0.671299	0.014282	-0.657017
1.160000	1.293496	-0.671685	0.014668	-0.657017
1.161000	1.293323	-0.672076	0.015059	-0.657017
1.162000	1.293149	-0.672473	0.015456	-0.657017
1.163000	1.292972	-0.672875	0.015858	-0.657017
1.164000	1.292792	-0.673282	0.016265	-0.657017
1.165000	1.292611	-0.673695	0.016678	-0.657017
1.166000	1.292427	-0.674113	0.017096	-0.657017
1.167000	1.292241	-0.674536	0.017519	-0.657017
1.168000	1.292053	-0.674964	0.017948	-0.657017
1.169000	1.291862	-0.675398	0.018382	-0.657017
1.170000	1.291669	-0.675838	0.018821	-0.657017
1.171000	1.291474	-0.676282	0.019265	-0.657017
1.172000	1.291277	-0.676732	0.019715	-0.657017
1.173000	1.291077	-0.677188	0.020171	-0.657017
1.174000	1.290875	-0.677648	0.020631	-0.657017
1.175000	1.290671	-0.678114	0.021098	-0.657017
1.176000	1.290464	-0.678586	0.021569	-0.657017
1.177000	1.290255	-0.679063	0.022046	-0.657017
1.178000	1.290044	-0.679545	0.022528	-0.657017
1.179000	1.289831	-0.680033	0.023016	-0.657017
1.180000	1.289615	-0.680526	0.023509	-0.657017
1.181000	1.289397	-0.681025	0.024008	-0.657017
1.182000	1.289177	-0.681529	0.024512	-0.657017
1.183000	1.288954	-0.682038	0.025021	-0.657017
1.184000	1.288730	-0.682553	0.025536	-0.657017
1.185000	1.288502	-0.683073	0.026056	-0.657017
1.186000	1.288273	-0.683599	0.026582	-0.657017
1.187000	1.288041	-0.684130	0.027113	-0.657017
1.188000	1.287807	-0.684667	0.027650	-0.657017
1.189000	1.287571	-0.685209	0.028192	-0.657017
1.190000	1.287332	-0.685757	0.028740	-0.657017
1.191000	1.287091	-0.686310	0.029293	-0.657017
1.192000	1.286848	-0.686869	0.029852	-0.657017
1.193000	1.286603	-0.687433	0.030417	-0.657017
1.194000	1.286355	-0.688003	0.030986	-0.657017
1.195000	1.286105	-0.688579	0.031562	-0.657017
1.196000	1.285852	-0.689160	0.032143	-0.657017
1.197000	1.285598	-0.689746	0.032729	-0.657017
1.198000	1.285341	-0.690338	0.033321	-0.657017
1.199000	1.285081	-0.690936	0.033919	-0.657017
1.200000	1.284820	-0.691539	0.034522	-0.657017
1.201000	1.284556	-0.692148	0.035131	-0.657017
1.202000	1.284290	-0.692762	0.035745	-0.657017
1.203000	1.284021	-0.693382	0.036365	-0.657017
1.204000	1.283750	-0.694008	0.036991	-0.657017
1.205000	1.283477	-0.694639	0.037622	-0.657017
1.206000	1.283202	-0.695276	0.038259	-0.657017
1.207000	1.282924	-0.695919	0.038902	-0.657017
1.208000	1.282644	-0.696567	0.039550	-0.657017
1.209000	1.282361	-0.697221	0.040204	-0.657017
1.210000	1.282077	-0.697880	0.040863	-0.657017
1.211000	1.281790	-0.698545	0.041528	-0.657017
1.212000	1.281500	-0.699216	0.042199	-0.657017
1.213000	1.281209	-0.699893	0.042876	-0.657017
1.214000	1.280915	-0.700575	0.043558	-0.657017
1.215000	1.280618	-0.701263	0.044246	-0.657017
1.216000	1.280320	-0.701957	0.044940	-0.657017
1.217000	1.280019	-0.702656	0.045639	-0.657017
1.218000	1.279715	-0.703361	0.046344	-0.657017
1.219000	1.279410	-0.704072	0.047055	-0.657017
1.220000	1.279102	-0.704789	0.047772	-0.657017
1.221000	1.278792	-0.705511	0.048494	-0.657017
1.222000	1.278479	-0.706239	0.049222	-0.657017
1.223000	1.278164	-0.706973	0.049956	-0.657017
1.224000	1.277847	-0.707713	0.050696	-0.657017
1.225000	1.277527	-0.708458	0.051442	-0.657017
1.226000	1.277205	-0.709210	0.052193	-0.657017
1.227000	1.276881	-0.709967	0.052950	-0.657017
1.228000	1.276555	-0.710730	0.053713	-0.657017
1.229000	1.276226	-0.711499	0.054482	-0.657017
1.230000	1.275894	-0.712273	0.055256	-0.657017
1.231000	1.275561	-0.713054	0.056037	-0.657017
1.232000	1.275225	-0.713840	0.056823	-0.657017
1.233000	1.274886	-0.714632	0.057615	-0.657017
1.234000	1.274546	-0.715430	0.058413	-0.657017
1.235000	1.274203	-0.716234	0.059217	-0.657017
1.236000	1.273858	-0.717044	0.060027	-0.657017
1.237000	1.273510	-0.717859	0.060842	-0.657017
1.238000	1.273160	-0.718681	0.061664	-0.657017
1.239000	1.272808	-0.719508	0.062491	-0.657017
1.240000	1.272453	-0.720341	0.063324	-0.657017
1.241000	1.272096	-0.721181	0.064164	-0.657017
1.242000	1.271736	-0.722026	0.065009	-0.657017
1.243000	1.271375	-0.722877	0.065860	-0.657017
1.244000	1.271011	-0.723734	0.066717	-0.657017
1.245000	1.270644	-0.724597	0.067580	-0.657017
1.246000	1.270275	-0.725465	0.068449	-0.657017
1.247000	1.269904	-0.726340	0.069323	-0.657017
1.248000	1.269531	-0.727221	0.070204	-0.657017
1.249000	1.269155	-0.728108	0.071091	-0.657017
1.250000	1.268776	-0.729000	0.071983	-0.657017
1.251000	1.268396	-0.729899	0.072882	-0.657017
1.252000	1.268013	-0.730803	0.073787	-0.657017
1.253000	1.267627	-0.731714	0.074697	-0.657017
1.254000	1.267240	-0.732631	0.075614	-0.657017
1.255000	1.266850	-0.733553	0.076536	-0.657017
1.256000	1.266457	-0.734482	0.077465	-0.657017
1.257000	1.266063	-0.735416	0.078399	-0.657017
1.258000	1.265665	-0.736357	0.079340	-0.657017
1.259000	1.265266	-0.737303	0.080286	-0.657017
1.260000	1.264864	-0.738256	0.081239	-0.657017
1.261000	1.264460	-0.739214	0.082197	-0.657017
1.262000	1.264053	-0.740179	0.083162	-0.657017
1.263000	1.263644	-0.741149	0.084132	-0.657017
1.264000	1.263233	-0.742126	0.085109	-0.657017
1.265000	1.262819	-0.743108	0.086092	-0.657017
1.266000	1.262403	-0.744097	0.087080	-0.657017
1.267000	1.261984	-0.745092	0.088075	-0.657017
1.268000	1.261563	-0.746092	0.089075	-0.657017
1.269000	1.261140	-0.747099	0.090082	-0.657017
1.270000	1.260714	-0.748112	0.091095	-0.657017
1.271000	1.260286	-0.749130	0.092113	-0.657017
1.272000	1.259856	-0.750155	0.093138	-0.657017
1.273000	1.259423	-0.751186	0.094169	-0.657017
1.274000	1.258988	-0.752222	0.095206	-0.657017
1.275000	1.258550	-0.753265	0.096248	-0.657017
1.276000	1.258111	-0.754314	0.097297	-0.657017
1.277000	1.257668	-0.755369	0.098352	-0.657017
1.278000	1.257223	-0.756430	0.099413	-0.657017
1.279000	1.256776	-0.757497	0.100480	-0.657017
1.280000	1.256327	-0.758569	0.101553	-0.657017
1.281000	1.255875	-0.759648	0.102631	-0.657017
1.282000	1.255421	-0.760733	0.103716	-0.657017
1.283000	1.254964	-0.761824	0.104807	-0.657017
1.284000	1.254505	-0.762921	0.105904	-0.657017
1.285000	1.254044	-0.764024	0.107007	-0.657017
1.286000	1.253580	-0.765132	0.108115	-0.657017
1.287000	1.253114	-0.766247	0.109230	-0.657017
1.288000	1.252645	-0.767368	0.110351	-0.657017
1.289000	1.252174	-0.768495	0.111478	-0.657017
1.290000	1.251701	-0.769627	0.112610	-0.657017
1.291000	1.251225	-0.770766	0.113749	-0.657017
1.292000	1.250747	-0.771910	0.114893	-0.657017
1.293000	1.250266	-0.773061	0.116044	-0.657017
1.294000	1.249783	-0.774217	0.117200	-0.657017
1.295000	1.249298	-0.775379	0.118362	-0.657017
1.296000	1.248810	-0.776547	0.119530	-0.657017
1.297000	1.248320	-0.777721	0.120704	-0.657017
1.298000	1.247828	-0.778901	0.121884	-0.657017
1.299000	1.247333	-0.780087	0.123070	-0.657017
1.300000	1.246835	-0.781279	0.124262	-0.657017
1.301000	1.246336	-0.782476	0.125459	-0.657017
1.302000	1.245833	-0.783679	0.126662	-0.657017
1.303000	1.245329	-0.784888	0.127871	-0.657017
1.304000	1.244822	-0.786103	0.129086	-0.657017
1.305000	1.244313	-0.787323	0.130306	-0.657017
1.306000	1.243801	-0.788550	0.131533	-0.657017
1.307000	1.243287	-0.789782	0.132765	-0.657017
1.308000	1.242770	-0.791019	0.134002	-0.657017
1.309000	1.242252	-0.792263	0.135246	-0.657017
1.310000	1.241730	-0.793512	0.136495	-0.657017
1.311000	1.241207	-0.794766	0.137749	-0.657017
1.312000	1.240681	-0.796026	0.139010	-0.657017
1.313000	1.240152	-0.797292	0.140275	-0.657017
1.314000	1.239621	-0.798564	0.141547	-0.657017
1.315000	1.239088	-0.799841	0.142824	-0.657017
1.316000	1.238552	-0.801123	0.144106	-0.657017
1.317000	1.238014	-0.802411	0.145394	-0.657017
1.318000	1.237474	-0.803704	0.146687	-0.657017
1.319000	1.236931	-0.805003	0.147986	-0.657017
1.320000	1.236386	-0.806307	0.149290	-0.657017
1.321000	1.235838	-0.807617	0.150600	-0.657017
1.322000	1.235288	-0.808931	0.151915	-0.657017
1.323000	1.234736	-0.810252	0.153235	-0.657017
1.324000	1.234181	-0.811577	0.154560	-0.657017
1.325000	1.233624	-0.812908	0.155891	-0.657017
1.326000	1.233064	-0.814243	0.157226	-0.657017
1.327000	1.232502	-0.815584	0.158567	-0.657017
1.328000	1.231938	-0.816930	0.159913	-0.657017
1.329000	1.231371	-0.818281	0.161264	-0.657017
1.330000	1.230802	-0.819637	0.162620	-0.657017
1.331000	1.230230	-0.820998	0.163981	-0.657017
1.332000	1.229657	-0.822364	0.165347	-0.657017
1.333000	1.229080	-0.823735	0.166718	-0.657017
1.334000	1.228502	-0.825111	0.168094	-0.657017
1.335000	1.227921	-0.826491	0.169474	-0.657017
1.336000	1.227337	-0.827876	0.170859	-0.657017
1.337000	1.226752	-0.829266	0.172249	-0.657017
1.338000	1.226163	-0.830660	0.173643	-0.657017
1.339000	1.225573	-0.832059	0.175042	-0.657017
1.340000	1.224980	-0.833463	0.176446	-0.657017
1.341000	1.224385	-0.834871	0.177854	-0.657017
1.342000	1.223787	-0.836283	0.179266	-0.657017
1.343000	1.223187	-0.837699	0.180682	-0.657017
1.344000	1.222585	-0.839120	0.182103	-0.657017
1.345000	1.221980	-0.840545	0.183528	-0.657017
1.346000	1.221373	-0.841974	0.184957	-0.657017
1.347000	1.220764	-0.843407	0.186390	-0.657017
1.348000	1.220152	-0.844845	0.187828	-0.657017
1.349000	1.219538	-0.846286	0.189269	-0.657017
1.350000	1.218922	-0.847731	0.190713	-0.657017
1.351000	1.218303	-0.849179	0.192162	-0.657017
1.352000	1.217682	-0.850631	0.193614	-0.657017
1.353000	1.217058	-0.852087	0.195070	-0.657017
1.354000	1.216433	-0.853547	0.196530	-0.657017
1.355000	1.215804	-0.855009	0.197992	-0.657017
1.356000	1.215174	-0.856475	0.199458	-0.657017
1.357000	1.214541	-0.857945	0.200928	-0.657017
1.358000	1.213906	-0.859417	0.202400	-0.657017
1.359000	1.213269	-0.860893	0.203876	-0.657017
1.360000	1.212629	-0.862371	0.205354	-0.657017
1.361000	1.211987	-0.863853	0.206836	-0.657017
1.362000	1.211343	-0.865337	0.208320	-0.657017
1.363000	1.210696	-0.866823	0.209806	-0.657017
1.364000	1.210047	-0.868313	0.211296	-0.657017
1.365000	1.209396	-0.869804	0.212787	-0.657017
1.366000	1.208742	-0.871298	0.214281	-0.657017
1.367000	1.208087	-0.872795	0.215777	-0.657017
1.368000	1.207429	-0.874293	0.217276	-0.657017
1.369000	1.206768	-0.875793	0.218776	-0.657017
1.370000	1.206106	-0.877295	0.220278	-0.657017
1.371000	1.205441	-0.878799	0.221782	-0.657017
1.372000	1.204774	-0.880304	0.223287	-0.657017
1.373000	1.204104	-0.881811	0.224794	-0.657017
1.374000	1.203433	-0.883319	0.226302	-0.657017
1.375000	1.202759	-0.884829	0.227811	-0.657017
1.376000	1.202083	-0.886339	0.229322	-0.657017
1.377000	1.201404	-0.887850	0.230833	-0.657017
1.378000	1.200724	-0.889362	0.232345	-0.657017
1.379000	1.200041	-0.890875	0.233857	-0.657017
1.380000	1.199356	-0.892388	0.235370	-0.657017
1.381000	1.198669	-0.893901	0.236884	-0.657017
1.382000	1.197979	-0.895415	0.238397	-0.657017
1.383000	1.197288	-0.896928	0.239911	-0.657017
1.384000	1.196594	-0.898441	0.241424	-0.657017
1.385000	1.195898	-0.899954	0.242937	-0.657017
1.386000	1.195200	-0.901466	0.244449	-0.657017
1.387000	1.194500	-0.902978	0.245960	-0.657017
1.388000	1.193797	-0.904488	0.247471	-0.657017
1.389000	1.193092	-0.905998	0.248980	-0.657017
1.390000	1.192386	-0.907506	0.250489	-0.657017
1.391000	1.191677	-0.909013	0.251995	-0.657017
1.392000	1.190966	-0.910518	0.253500	-0.657017
1.393000	1.190253	-0.912021	0.255004	-0.657017
1.394000	1.189538	-0.913522	0.256505	-0.657017
1.395000	1.188820	-0.915021	0.258003	-0.657018
1.396000	1.188101	-0.916517	0.259500	-0.657018
1.397000	1.187379	-0.918011	0.260993	-0.657018
1.398000	1.186656	-0.919501	0.262484	-0.657018
1.399000	1.185930	-0.920989	0.263971	-0.657018
1.400000	1.185203	-0.922473	0.265455	-0.657018
1.401000	1.184473	-0.923953	0.266935	-0.657018
1.402000	1.183741	-0.925429	0.268412	-0.657018
1.403000	1.183008	-0.926902	0.269884	-0.657018
1.404000	1.182272	-0.928370	0.271352	-0.657018
1.405000	1.181534	-0.929833	0.272815	-0.657018
1.406000	1.180795	-0.931291	0.274273	-0.657018
1.407000	1.180053	-0.932744	0.275727	-0.657018
1.408000	1.179310	-0.934192	0.277174	-0.657018
1.409000	1.178564	-0.935634	0.278616	-0.657018
1.410000	1.177817	-0.937070	0.280052	-0.657018
1.411000	1.177067	-0.938500	0.281482	-0.657018
1.412000	1.176316	-0.939923	0.282905	-0.657018
1.413000	1.175563	-0.941339	0.284322	-0.657018
1.414000	1.174808	-0.942749	0.285731	-0.657018
1.415000	1.174051	-0.944150	0.287132	-0.657018
1.416000	1.173292	-0.945544	0.288526	-0.657018
1.417000	1.172532	-0.946930	0.289912	-0.657018
1.418000	1.171769	-0.948308	0.291290	-0.657018
1.419000	1.171005	-0.949676	0.292658	-0.657018
1.420000	1.170239	-0.951036	0.294018	-0.657018
1.421000	1.169471	-0.952386	0.295368	-0.657018
1.422000	1.168702	-0.953727	0.296708	-0.657018
1.423000	1.167931	-0.955057	0.298039	-0.657018
1.424000	1.167158	-0.956377	0.299359	-0.657018
1.425000	1.166383	-0.957686	0.300668	-0.657018
1.426000	1.165607	-0.958984	0.301966	-0.657018
1.427000	1.164829	-0.960270	0.303252	-0.657018
1.428000	1.164049	-0.961544	0.304526	-0.657018
1.429000	1.163268	-0.962807	0.305788	-0.657018
1.430000	1.162485	-0.964056	0.307038	-0.657018
1.431000	1.161701	-0.965292	0.308274	-0.657018
1.432000	1.160915	-0.966515	0.309497	-0.657018
1.433000	1.160127	-0.967724	0.310705	-0.657018
1.434000	1.159338	-0.968918	0.311900	-0.657018
1.435000	1.158548	-0.970098	0.313079	-0.657018
1.436000	1.157756	-0.971263	0.314244	-0.657019
1.437000	1.156962	-0.972411	0.315393	-0.657019
1.438000	1.156167	-0.973544	0.316526	-0.657019
1.439000	1.155371	-0.974661	0.317642	-0.657019
1.440000	1.154573	-0.975760	0.318742	-0.657019
1.441000	1.153774	-0.976842	0.319824	-0.657019
1.442000	1.152974	-0.977907	0.320888	-0.657019
1.443000	1.152172	-0.978952	0.321934	-0.657019
1.444000	1.151369	-0.979979	0.322961	-0.657019
1.445000	1.150564	-0.980987	0.323968	-0.657019
1.446000	1.149759	-0.981975	0.324956	-0.657019
1.447000	1.148952	-0.982943	0.325924	-0.657019
1.448000	1.148144	-0.983890	0.326871	-0.657019
1.449000	1.147335	-0.984816	0.327797	-0.657019
1.450000	1.146525	-0.985720	0.328701	-0.657019
1.451000	1.145713	-0.986601	0.329582	-0.657019
1.452000	1.144901	-0.987460	0.330441	-0.657019
1.453000	1.144088	-0.988296	0.331277	-0.657019
1.454000	1.143273	-0.989108	0.332088	-0.657019
1.455000	1.142458	-0.989895	0.332876	-0.657019
1.456000	1.141641	-0.990657	0.333638	-0.657019
1.457000	1.140824	-0.991394	0.334375	-0.657019
1.458000	1.140006	-0.992105	0.335086	-0.657019
1.459000	1.139187	-0.992789	0.335770	-0.657019
1.460000	1.138367	-0.993446	0.336427	-0.657019
1.461000	1.137546	-0.994076	0.337056	-0.657020
1.462000	1.136725	-0.994677	0.337657	-0.657020
1.463000	1.135902	-0.995249	0.338229	-0.657020
1.464000	1.135080	-0.995792	0.338772	-0.657020
1.465000	1.134256	-0.996305	0.339285	-0.657020
1.466000	1.133432	-0.996787	0.339767	-0.657020
1.467000	1.132608	-0.997238	0.340218	-0.657020
1.468000	1.131782	-0.997657	0.340637	-0.657020
1.469000	1.130957	-0.998044	0.341024	-0.657020
1.470000	1.130131	-0.998398	0.341378	-0.657020
1.471000	1.129304	-0.998718	0.341698	-0.657020
1.472000	1.128477	-0.999004	0.341984	-0.657020
1.473000	1.127650	-0.999255	0.342235	-0.657020
1.474000	1.126823	-0.999471	0.342451	-0.657020
1.475000	1.125995	-0.999651	0.342631	-0.657020
1.476000	1.125167	-0.999794	0.342774	-0.657020
1.477000	1.124339	-0.999901	0.342880	-0.657020
1.478000	1.123511	-0.999969	0.342948	-0.657020
1.479000	1.122683	-0.999999	0.342978	-0.657020
1.480000	1.121854	-0.999989	0.342969	-0.657020
1.481000	1.121026	-0.999941	0.342920	-0.657020
1.482000	1.120198	-0.999851	0.342831	-0.657021
1.483000	1.119370	-0.999721	0.342701	-0.657021
1.484000	1.118542	-0.999550	0.342529	-0.657021
1.485000	1.117715	-0.999337	0.342316	-0.657021
1.486000	1.116887	-0.999080	0.342060	-0.657021
1.487000	1.116060	-0.998781	0.341760	-0.657021
1.488000	1.115234	-0.998438	0.341417	-0.657021
1.489000	1.114408	-0.998050	0.341029	-0.657021
1.490000	1.113582	-0.997618	0.340597	-0.657021
1.491000	1.112757	-0.997140	0.340119	-0.657021
1.492000	1.111933	-0.996615	0.339594	-0.657021
1.493000	1.111109	-0.996044	0.339023	-0.657021
1.494000	1.110286	-0.995426	0.338405	-0.657021
1.495000	1.109463	-0.994760	0.337739	-0.657021
1.496000	1.108642	-0.994046	0.337024	-0.657021
1.497000	1.107821	-0.993282	0.336261	-0.657021
1.498000	1.107002	-0.992470	0.335449	-0.657021
1.499000	1.106183	-0.991608	0.334586	-0.657021
1.500000	1.105366	-0.990695	0.333674	-0.657021
1.501000	1.104549	-0.989731	0.332710	-0.657021
1.502000	1.103734	-0.988717	0.331695	-0.657022
1.503000	1.102920	-0.987650	0.330629	-0.657022
1.504000	1.102108	-0.986532	0.329510	-0.657022
1.505000	1.101297	-0.985360	0.328339	-0.657022
1.506000	1.100487	-0.984136	0.327114	-0.657022
1.507000	1.099679	-0.982859	0.325837	-0.657022
1.508000	1.098873	-0.981527	0.324506	-0.657022
1.509000	1.098068	-0.980142	0.323120	-0.657022
1.510000	1.097265	-0.978702	0.321680	-0.657022
1.511000	1.096464	-0.977208	0.320186	-0.657022
1.512000	1.095665	-0.975659	0.318637	-0.657022
1.513000	1.094867	-0.974054	0.317032	-0.657022
1.514000	1.094072	-0.972394	0.315372	-0.657022
1.515000	1.093279	-0.970678	0.313656	-0.657022
1.516000	1.092488	-0.968907	0.311885	-0.657022
1.517000	1.091699	-0.967079	0.310057	-0.657022
1.518000	1.090913	-0.965196	0.308174	-0.657022
1.519000	1.090129	-0.963256	0.306234	-0.657022
1.520000	1.089348	-0.961260	0.304238	-0.657022
1.521000	1.088569	-0.959207	0.302185	-0.657022
1.522000	1.087793	-0.957099	0.300077	-0.657022
1.523000	1.087020	-0.954934	0.297912	-0.657022
1.524000	1.086249	-0.952713	0.295691	-0.657022
1.525000	1.085482	-0.950436	0.293413	-0.657022
1.526000	1.084717	-0.948102	0.291080	-0.657022
1.527000	1.083956	-0.945714	0.288691	-0.657022
1.528000	1.083197	-0.943269	0.286247	-0.657022
1.529000	1.082442	-0.940770	0.283747	-0.657022
1.530000	1.081691	-0.938215	0.281193	-0.657022
1.531000	1.080942	-0.935606	0.278583	-0.657022
1.532000	1.080198	-0.932942	0.275920	-0.657022
1.533000	1.079457	-0.930225	0.273203	-0.657022
1.534000	1.078719	-0.927454	0.270432	-0.657022
1.535000	1.077986	-0.924631	0.267609	-0.657022
1.536000	1.077256	-0.921755	0.264733	-0.657022
1.537000	1.076531	-0.918828	0.261806	-0.657022
1.538000	1.075809	-0.915850	0.258828	-0.657022
1.539000	1.075092	-0.912821	0.255799	-0.657022
1.540000	1.074378	-0.909743	0.252721	-0.657022
1.541000	1.073670	-0.906617	0.249595	-0.657022
1.542000	1.072965	-0.903442	0.246420	-0.657022
1.543000	1.072266	-0.900221	0.243199	-0.657022
1.544000	1.071571	-0.896954	0.239932	-0.657022
1.545000	1.070880	-0.893642	0.236620	-0.657022
1.546000	1.070195	-0.890287	0.233265	-0.657022
1.547000	1.069514	-0.886888	0.229867	-0.657022
1.548000	1.068839	-0.883449	0.226427	-0.657022
1.549000	1.068168	-0.879969	0.222947	-0.657022
1.550000	1.067503	-0.876450	0.219429	-0.657021
1.551000	1.066843	-0.872894	0.215872	-0.657021
1.552000	1.066189	-0.869301	0.212280	-0.657021
1.553000	1.065540	-0.865675	0.208653	-0.657021
1.554000	1.064897	-0.862015	0.204994	-0.657021
1.555000	1.064260	-0.858323	0.201302	-0.657021
1.556000	1.063628	-0.854602	0.197581	-0.657021
1.557000	1.063002	-0.850853	0.193832	-0.657021
1.558000	1.062383	-0.847077	0.190056	-0.657021
1.559000	1.061769	-0.843277	0.186256	-0.657021
1.560000	1.061162	-0.839454	0.182433	-0.657021
1.561000	1.060561	-0.835610	0.178589	-0.657020
1.562000	1.059967	-0.831747	0.174727	-0.657020
1.563000	1.059379	-0.827868	0.170848	-0.657020
1.564000	1.058798	-0.823974	0.166954	-0.657020
1.565000	1.058223	-0.820067	0.163047	-0.657020
1.566000	1.057656	-0.816150	0.159131	-0.657020
1.567000	1.057095	-0.812225	0.155206	-0.657020
1.568000	1.056541	-0.808294	0.151275	-0.657020
1.569000	1.055995	-0.804360	0.147341	-0.657019
1.570000	1.055456	-0.800424	0.143405	-0.657019
1.571000	1.054924	-0.796490	0.139471	-0.657019
1.572000	1.054399	-0.792559	0.135540	-0.657019
1.573000	1.053882	-0.788634	0.131616	-0.657019
1.574000	1.053373	-0.784718	0.127700	-0.657019
1.575000	1.052872	-0.780814	0.123795	-0.657019
1.576000	1.052378	-0.776923	0.119904	-0.657018
1.577000	1.051892	-0.773048	0.116030	-0.657018
1.578000	1.051415	-0.769193	0.112175	-0.657018
1.579000	1.050945	-0.765359	0.108341	-0.657018
1.580000	1.050484	-0.761550	0.104532	-0.657018
1.581000	1.050030	-0.757768	0.100750	-0.657018
1.582000	1.049586	-0.754016	0.096998	-0.657017
1.583000	1.049150	-0.750296	0.093279	-0.657017
1.584000	1.048722	-0.746612	0.089595	-0.657017
1.585000	1.048303	-0.742966	0.085949	-0.657017
1.586000	1.047893	-0.739360	0.082344	-0.657017
1.587000	1.047491	-0.735799	0.078782	-0.657017
1.588000	1.047099	-0.732283	0.075267	-0.657016
1.589000	1.046715	-0.728817	0.071801	-0.657016
1.590000	1.046341	-0.725403	0.068387	-0.657016
1.591000	1.045976	-0.722044	0.065028	-0.657016
1.592000	1.045620	-0.718741	0.061725	-0.657016
1.593000	1.045273	-0.715499	0.058483	-0.657016
1.594000	1.044936	-0.712319	0.055304	-0.657015
1.595000	1.044608	-0.709205	0.052190	-0.657015
1.596000	1.044290	-0.706159	0.049144	-0.657015
1.597000	1.043981	-0.703183	0.046168	-0.657015
1.598000	1.043682	-0.700280	0.043265	-0.657015
1.599000	1.043393	-0.697453	0.040438	-0.657015
1.600000	1.043113	-0.694703	0.037689	-0.657014
1.601000	1.042843	-0.692035	0.035020	-0.657014
1.602000	1.042584	-0.689448	0.032434	-0.657014
1.603000	1.042334	-0.686947	0.029933	-0.657014
1.604000	1.042094	-0.684533	0.027519	-0.657014
1.605000	1.041865	-0.682208	0.025195	-0.657014
1.606000	1.041645	-0.679975	0.022962	-0.657014
1.607000	1.041436	-0.677836	0.020822	-0.657014
1.608000	1.041237	-0.675791	0.018778	-0.657013
1.609000	1.041049	-0.673845	0.016831	-0.657013
1.610000	1.040870	-0.671997	0.014984	-0.657013
1.611000	1.040702	-0.670250	0.013237	-0.657013
1.612000	1.040545	-0.668605	0.011592	-0.657013
1.613000	1.040398	-0.667065	0.010052	-0.657013
1.614000	1.040261	-0.665629	0.008616	-0.657013
1.615000	1.040135	-0.664301	0.007288	-0.657013
1.616000	1.040020	-0.663080	0.006068	-0.657013
1.617000	1.039915	-0.661969	0.004956	-0.657013
1.618000	1.039821	-0.660968	0.003955	-0.657013
1.619000	1.039737	-0.660078	0.003065	-0.657013
1.620000	1.039664	-0.659300	0.002288	-0.657012
1.621000	1.039602	-0.658635	0.001622	-0.657012
1.622000	1.039550	-0.658083	0.001071	-0.657012
1.623000	1.039509	-0.657645	0.000633	-0.657012
1.624000	1.039479	-0.657321	0.000309	-0.657012
1.625000	1.039460	-0.657112	0.000100	-0.657012
1.626000	1.039451	-0.657018	0.000006	-0.657012
1.627000	1.039453	-0.657039	0.000027	-0.657012
1.628000	1.039465	-0.657175	0.000162	-0.657012
1.629000	1.039489	-0.657425	0.000413	-0.657012
1.630000	1.039523	-0.657790	0.000778	-0.657012
1.631000	1.039568	-0.658269	0.001257	-0.657012
1.632000	1.039623	-0.658862	0.001850	-0.657012
1.633000	1.039689	-0.659568	0.002556	-0.657012
1.634000	1.039766	-0.660387	0.003374	-0.657013
1.635000	1.039854	-0.661317	0.004304	-0.657013
1.636000	1.039952	-0.662358	0.005345	-0.657013
1.637000	1.040060	-0.663509	0.006496	-0.657013
1.638000	1.040180	-0.664768	0.007755	-0.657013
1.639000	1.040309	-0.666135	0.009123	-0.657013
1.640000	1.040450	-0.667609	0.010596	-0.657013
1.641000	1.040601	-0.669187	0.012174	-0.657013
1.642000	1.040762	-0.670869	0.013856	-0.657013
1.643000	1.040934	-0.672653	0.015639	-0.657013
1.644000	1.041116	-0.674536	0.017523	-0.657013
1.645000	1.041308	-0.676519	0.019505	-0.657013
1.646000	1.041511	-0.678597	0.021584	-0.657014
1.647000	1.041723	-0.680771	0.023757	-0.657014
1.648000	1.041947	-0.683038	0.026024	-0.657014
1.649000	1.042180	-0.685395	0.028381	-0.657014
1.650000	1.042423	-0.687840	0.030826	-0.657014
1.651000	1.042676	-0.690373	0.033358	-0.657014
1.652000	1.042940	-0.692989	0.035975	-0.657014
1.653000	1.043213	-0.695687	0.038673	-0.657015
1.654000	1.043496	-0.698465	0.041450	-0.657015
1.655000	1.043789	-0.701320	0.044305	-0.657015
1.656000	1.044091	-0.704249	0.047234	-0.657015
1.657000	1.044403	-0.707251	0.050236	-0.657015
1.658000	1.044725	-0.710322	0.053307	-0.657015
1.659000	1.045056	-0.713460	0.056445	-0.657015
1.660000	1.045397	-0.716663	0.059647	-0.657016
1.661000	1.045747	-0.719927	0.062911	-0.657016
1.662000	1.046107	-0.723250	0.066234	-0.657016
1.663000	1.046475	-0.726630	0.069614	-0.657016
1.664000	1.046853	-0.730063	0.073047	-0.657016
1.665000	1.047240	-0.733548	0.076531	-0.657016
1.666000	1.047635	-0.737080	0.080063	-0.657017
1.667000	1.048040	-0.740658	0.083641	-0.657017
1.668000	1.048453	-0.744278	0.087261	-0.657017
1.669000	1.048875	-0.747938	0.090921	-0.657017
1.670000	1.049306	-0.751636	0.094618	-0.657017
1.671000	1.049745	-0.755367	0.098350	-0.657017
1.672000	1.050193	-0.759131	0.102113	-0.657018
1.673000	1.050649	-0.762923	0.105905	-0.657018
1.674000	1.051114	-0.766741	0.109723	-0.657018
1.675000	1.051586	-0.770583	0.113565	-0.657018
1.676000	1.052067	-0.774446	0.117427	-0.657018
1.677000	1.052555	-0.778326	0.121308	-0.657018
1.678000	1.053052	-0.782222	0.125204	-0.657019
1.679000	1.053556	-0.786132	0.129113	-0.657019
1.680000	1.054068	-0.790051	0.133032	-0.657019
1.681000	1.054588	-0.793978	0.136959	-0.657019
1.682000	1.055115	-0.797910	0.140891	-0.657019
1.683000	1.055650	-0.801846	0.144826	-0.657019
1.684000	1.056191	-0.805781	0.148762	-0.657019
1.685000	1.056740	-0.809715	0.152695	-0.657020
1.686000	1.057297	-0.813644	0.156624	-0.657020
1.687000	1.057860	-0.817566	0.160546	-0.657020
1.688000	1.058430	-0.821480	0.164460	-0.657020
1.689000	1.059007	-0.825382	0.168362	-0.657020
1.690000	1.059590	-0.829271	0.172251	-0.657020
1.691000	1.060181	-0.833144	0.176124	-0.657020
1.692000	1.060777	-0.837000	0.179980	-0.657020
1.693000	1.061381	-0.840837	0.183816	-0.657021
1.694000	1.061990	-0.844652	0.187631	-0.657021
1.695000	1.062606	-0.848443	0.191423	-0.657021
1.696000	1.063228	-0.852210	0.195189	-0.657021
1.697000	1.063855	-0.855949	0.198928	-0.657021
1.698000	1.064489	-0.859660	0.202639	-0.657021
1.699000	1.065129	-0.863340	0.206319	-0.657021
1.700000	1.065774	-0.866988	0.209967	-0.657021
1.701000	1.066425	-0.870603	0.213582	-0.657021
1.702000	1.067081	-0.874182	0.217161	-0.657021
1.703000	1.067743	-0.877725	0.220704	-0.657021
1.704000	1.068410	-0.881230	0.224209	-0.657022
1.705000	1.069082	-0.884696	0.227674	-0.657022
1.706000	1.069759	-0.888120	0.231099	-0.657022
1.707000	1.070442	-0.891503	0.234482	-0.657022
1.708000	1.071129	-0.894843	0.237822	-0.657022
1.709000	1.071821	-0.898139	0.241117	-0.657022
1.710000	1.072518	-0.901390	0.244368	-0.657022
1.711000	1.073219	-0.904594	0.247572	-0.657022
1.712000	1.073925	-0.907751	0.250729	-0.657022
1.713000	1.074636	-0.910861	0.253839	-0.657022
1.714000	1.075350	-0.913921	0.256899	-0.657022
1.715000	1.076069	-0.916931	0.259909	-0.657022
1.716000	1.076792	-0.919891	0.262869	-0.657022
1.717000	1.077519	-0.922800	0.265778	-0.657022
1.718000	1.078250	-0.925657	0.268634	-0.657022
1.719000	1.078985	-0.928461	0.271439	-0.657022
1.720000	1.079724	-0.931212	0.274190	-0.657022
1.721000	1.080466	-0.933910	0.276888	-0.657022
1.722000	1.081212	-0.936554	0.279532	-0.657022
1.723000	1.081962	-0.939144	0.282122	-0.657022
1.724000	1.082715	-0.941679	0.284656	-0.657022
1.725000	1.083471	-0.944158	0.287136	-0.657022
1.726000	1.084230	-0.946583	0.289561	-0.657022
1.727000	1.084993	-0.948952	0.291929	-0.657022
1.728000	1.085758	-0.951264	0.294242	-0.657022
1.729000	1.086527	-0.953521	0.296499	-0.657022
1.730000	1.087299	-0.955722	0.298700	-0.657022
1.731000	1.088073	-0.957867	0.300845	-0.657022
1.732000	1.088850	-0.959955	0.302933	-0.657022
1.733000	1.089630	-0.961987	0.304965	-0.657022
1.734000	1.090412	-0.963963	0.306941	-0.657022
1.735000	1.091197	-0.965882	0.308860	-0.657022
1.736000	1.091984	-0.967746	0.310724	-0.657022
1.737000	1.092773	-0.969553	0.312531	-0.657022
1.738000	1.093565	-0.971304	0.314282	-0.657022
1.739000	1.094359	-0.973000	0.315978	-0.657022
1.740000	1.095155	-0.974640	0.317618	-0.657022
1.741000	1.095953	-0.976224	0.319203	-0.657022
1.742000	1.096753	-0.977754	0.320732	-0.657022
1.743000	1.097555	-0.979229	0.322207	-0.657022
1.744000	1.098358	-0.980649	0.323627	-0.657022
1.745000	1.099164	-0.982014	0.324993	-0.657022
1.746000	1.099971	-0.983326	0.326304	-0.657022
1.747000	1.100779	-0.984584	0.327563	-0.657022
1.748000	1.101590	-0.985789	0.328768	-0.657022
1.749000	1.102401	-0.986942	0.329920	-0.657022
1.750000	1.103214	-0.988041	0.331020	-0.657022
1.751000	1.104029	-0.989089	0.332068	-0.657021
1.752000	1.104844	-0.990085	0.333064	-0.657021
1.753000	1.105661	-0.991030	0.334009	-0.657021
1.754000	1.106479	-0.991925	0.334904	-0.657021
1.755000	1.107298	-0.992769	0.335748	-0.657021
1.756000	1.108118	-0.993564	0.336543	-0.657021
1.757000	1.108939	-0.994309	0.337288	-0.657021
1.758000	1.109760	-0.995006	0.337985	-0.657021
1.759000	1.110583	-0.995655	0.338634	-0.657021
1.760000	1.111406	-0.996256	0.339235	-0.657021
1.761000	1.112230	-0.996810	0.339789	-0.657021
1.762000	1.113055	-0.997317	0.340297	-0.657021
1.763000	1.113880	-0.997779	0.340758	-0.657021
1.764000	1.114706	-0.998195	0.341175	-0.657021
1.765000	1.115532	-0.998567	0.341546	-0.657021
1.766000	1.116359	-0.998894	0.341873	-0.657021
1.767000	1.117186	-0.999178	0.342157	-0.657021
1.768000	1.118014	-0.999419	0.342398	-0.657021
1.769000	1.118841	-0.999617	0.342596	-0.657021
1.770000	1.119669	-0.999773	0.342753	-0.657021
1.771000	1.120497	-0.999888	0.342868	-0.657021
1.772000	1.121325	-0.999963	0.342942	-0.657020
1.773000	1.122153	-0.999997	0.342977	-0.657020
1.774000	1.122982	-0.999992	0.342972	-0.657020
1.775000	1.123810	-0.999949	0.342928	-0.657020
1.776000	1.124638	-0.999867	0.342846	-0.657020
1.777000	1.125466	-0.999747	0.342727	-0.657020
1.778000	1.126294	-0.999590	0.342570	-0.657020
1.779000	1.127121	-0.999397	0.342377	-0.657020
1.780000	1.127949	-0.999169	0.342149	-0.657020
1.781000	1.128776	-0.998905	0.341885	-0.657020
1.782000	1.129603	-0.998606	0.341586	-0.657020
1.783000	1.130429	-0.998274	0.341254	-0.657020
1.784000	1.131255	-0.997908	0.340888	-0.657020
1.785000	1.132080	-0.997509	0.340490	-0.657020
1.786000	1.132905	-0.997079	0.340059	-0.657020
1.787000	1.133730	-0.996616	0.339597	-0.657020
1.788000	1.134554	-0.996123	0.339103	-0.657020
1.789000	1.135377	-0.995599	0.338580	-0.657020
1.790000	1.136199	-0.995046	0.338026	-0.657020
1.791000	1.137021	-0.994463	0.337444	-0.657020
1.792000	1.137842	-0.993852	0.336832	-0.657019
1.793000	1.138663	-0.993212	0.336193	-0.657019
1.794000	1.139482	-0.992545	0.335526	-0.657019
1.795000	1.140301	-0.991851	0.334832	-0.657019
1.796000	1.141119	-0.991131	0.334112	-0.657019
1.797000	1.141936	-0.990385	0.333366	-0.657019
1.798000	1.142752	-0.989613	0.332594	-0.657019
1.799000	1.143567	-0.988817	0.331798	-0.657019
1.800000	1.144381	-0.987997	0.330978	-0.657019
1.801000	1.145195	-0.987153	0.330134	-0.657019
1.802000	1.146007	-0.986286	0.329267	-0.657019
1.803000	1.146818	-0.985396	0.328377	-0.657019
1.804000	1.147627	-0.984484	0.327465	-0.657019
1.805000	1.148436	-0.983550	0.326532	-0.657019
1.806000	1.149244	-0.982596	0.325577	-0.657019
1.807000	1.150050	-0.981621	0.324602	-0.657019
1.808000	1.150855	-0.980626	0.323607	-0.657019
1.809000	1.151659	-0.979611	0.322592	-0.657019
1.810000	1.152462	-0.978577	0.321558	-0.657019
1.811000	1.153263	-0.977524	0.320506	-0.657019
1.812000	1.154063	-0.976454	0.319435	-0.657019
1.813000	1.154861	-0.975365	0.318346	-0.657019
1.814000	1.155659	-0.974259	0.317241	-0.657019
1.815000	1.156455	-0.973137	0.316119	-0.657019
1.816000	1.157249	-0.971998	0.314980	-0.657019
1.817000	1.158042	-0.970844	0.313825	-0.657019
1.818000	1.158833	-0.969674	0.312655	-0.657018
1.819000	1.159623	-0.968489	0.311470	-0.657018
1.820000	1.160412	-0.967289	0.310270	-0.657018
1.821000	1.161199	-0.966075	0.309057	-0.657018
1.822000	1.161984	-0.964847	0.307829	-0.657018
1.823000	1.162768	-0.963606	0.306588	-0.657018
1.824000	1.163550	-0.962352	0.305334	-0.657018
1.825000	1.164331	-0.961086	0.304067	-0.657018
1.826000	1.165110	-0.959807	0.302789	-0.657018
1.827000	1.165887	-0.958516	0.301498	-0.657018
1.828000	1.166663	-0.957214	0.300196	-0.657018
1.829000	1.167437	-0.955901	0.298883	-0.657018
1.830000	1.168209	-0.954578	0.297560	-0.657018
1.831000	1.168980	-0.953244	0.296226	-0.657018
1.832000	1.169749	-0.951900	0.294882	-0.657018
1.833000	1.170516	-0.950546	0.293528	-0.657018
1.834000	1.171281	-0.949183	0.292165	-0.657018
1.835000	1.172045	-0.947811	0.290793	-0.657018
1.836000	1.172807	-0.946431	0.289413	-0.657018
1.837000	1.173566	-0.945042	0.288024	-0.657018
1.838000	1.174324	-0.943645	0.286627	-0.657018
1.839000	1.175081	-0.942241	0.285223	-0.657018
1.840000	1.175835	-0.940829	0.283811	-0.657018
1.841000	1.176588	-0.939410	0.282392	-0.657018
1.842000	1.177338	-0.937984	0.280966	-0.657018
1.843000	1.178087	-0.936552	0.279534	-0.657018
1.844000	1.178833	-0.935114	0.278096	-0.657018
1.845000	1.179578	-0.933670	0.276652	-0.657018
1.846000	1.180321	-0.932220	0.275202	-0.657018
1.847000	1.181062	-0.930765	0.273747	-0.657018
1.848000	1.181801	-0.929305	0.272287	-0.657018
1.849000	1.182538	-0.927840	0.270822	-0.657018
1.850000	1.183273	-0.926370	0.269353	-0.657018
1.851000	1.184006	-0.924897	0.267879	-0.657018
1.852000	1.184737	-0.923419	0.266401	-0.657018
1.853000	1.185466	-0.921937	0.264919	-0.657018
1.854000	1.186193	-0.920452	0.263434	-0.657018
1.855000	1.186918	-0.918963	0.261946	-0.657018
1.856000	1.187640	-0.917472	0.260454	-0.657018
1.857000	1.188361	-0.915977	0.258960	-0.657018
1.858000	1.189080	-0.914480	0.257462	-0.657018
1.859000	1.189796	-0.912980	0.255963	-0.657017
1.860000	1.190511	-0.911478	0.254461	-0.657017
1.861000	1.191223	-0.909975	0.252957	-0.657017
1.862000	1.191933	-0.908469	0.251451	-0.657017
1.863000	1.192641	-0.906962	0.249944	-0.657017
1.864000	1.193347	-0.905453	0.248435	-0.657017
1.865000	1.194051	-0.903943	0.246926	-0.657017
1.866000	1.194753	-0.902432	0.245415	-0.657017
1.867000	1.195452	-0.900920	0.243903	-0.657017
1.868000	1.196150	-0.899408	0.242390	-0.657017
1.869000	1.196845	-0.897895	0.240877	-0.657017
1.870000	1.197538	-0.896381	0.239364	-0.657017
1.871000	1.198229	-0.894868	0.237851	-0.657017
1.872000	1.198917	-0.893355	0.236337	-0.657017
1.873000	1.199604	-0.891841	0.234824	-0.657017
1.874000	1.200288	-0.890328	0.233311	-0.657017
1.875000	1.200970	-0.888816	0.231799	-0.657017
1.876000	1.201650	-0.887304	0.230287	-0.657017
1.877000	1.202327	-0.885793	0.228776	-0.657017
1.878000	1.203002	-0.884283	0.227266	-0.657017
1.879000	1.203675	-0.882774	0.225757	-0.657017
1.880000	1.204346	-0.881267	0.224250	-0.657017
1.881000	1.205015	-0.879760	0.222743	-0.657017
1.882000	1.205681	-0.878256	0.221238	-0.657017
1.883000	1.206345	-0.876752	0.219735	-0.657017
1.884000	1.207007	-0.875251	0.218234	-0.657017
1.885000	1.207667	-0.873751	0.216734	-0.657017
1.886000	1.208324	-0.872254	0.215237	-0.657017
1.887000	1.208979	-0.870759	0.213741	-0.657017
1.888000	1.209631	-0.869265	0.212248	-0.657017
1.889000	1.210282	-0.867775	0.210757	-0.657017
1.890000	1.210930	-0.866286	0.209269	-0.657017
1.891000	1.211576	-0.864800	0.207783	-0.657017
1.892000	1.212219	-0.863317	0.206300	-0.657017
1.893000	1.212860	-0.861837	0.204820	-0.657017
1.894000	1.213499	-0.860360	0.203342	-0.657017
1.895000	1.214136	-0.858885	0.201868	-0.657017
1.896000	1.214770	-0.857414	0.200397	-0.657017
1.897000	1.215402	-0.855946	0.198929	-0.657017
1.898000	1.216032	-0.854481	0.197464	-0.657017
1.899000	1.216659	-0.853019	0.196002	-0.657017
1.900000	1.217284	-0.851561	0.194544	-0.657017
1.901000	1.217906	-0.850106	0.193089	-0.657017
1.902000	1.218527	-0.848656	0.191638	-0.657017
1.903000	1.219145	-0.847208	0.190191	-0.657017
1.904000	1.219760	-0.845765	0.188748	-0.657017
1.905000	1.220373	-0.844325	0.187308	-0.657017
1.906000	1.220984	-0.842889	0.185872	-0.657017
1.907000	1.221593	-0.841458	0.184441	-0.657017
1.908000	1.222199	-0.840030	0.183013	-0.657017
1.909000	1.222803	-0.838607	0.181590	-0.657017
1.910000	1.223404	-0.837187	0.180170	-0.657017
1.911000	1.224003	-0.835772	0.178755	-0.657017
1.912000	1.224600	-0.834362	0.177345	-0.657017
1.913000	1.225195	-0.832955	0.175938	-0.657017
1.914000	1.225787	-0.831553	0.174536	-0.657017
1.915000	1.226376	-0.830156	0.173139	-0.657017
1.916000	1.226963	-0.828763	0.171746	-0.657017
1.917000	1.227548	-0.827375	0.170358	-0.657017
1.918000	1.228131	-0.825992	0.168975	-0.657017
1.919000	1.228711	-0.824613	0.167596	-0.657017
1.920000	1.229289	-0.823239	0.166222	-0.657017
1.921000	1.229864	-0.821870	0.164853	-0.657017
1.922000	1.230437	-0.820506	0.163489	-0.657017
1.923000	1.231008	-0.819147	0.162130	-0.657017
1.924000	1.231576	-0.817793	0.160776	-0.657017
1.925000	1.232142	-0.816443	0.159427	-0.657017
1.926000	1.232705	-0.815099	0.158082	-0.657017
1.927000	1.233266	-0.813760	0.156743	-0.657017
1.928000	1.233825	-0.812426	0.155409	-0.657017
1.929000	1.234381	-0.811098	0.154081	-0.657017
1.930000	1.234935	-0.809774	0.152757	-0.657017
1.931000	1.235487	-0.808456	0.151439	-0.657017
1.932000	1.236036	-0.807143	0.150126	-0.657017
1.933000	1.236583	-0.805836	0.148819	-0.657017
1.934000	1.237127	-0.804533	0.147516	-0.657017
1.935000	1.237669	-0.803237	0.146220	-0.657017
1.936000	1.238209	-0.801945	0.144928	-0.657017
1.937000	1.238746	-0.800659	0.143642	-0.657017
1.938000	1.239281	-0.799379	0.142362	-0.657017
1.939000	1.239813	-0.798104	0.141087	-0.657017
1.940000	1.240343	-0.796834	0.139818	-0.657017
1.941000	1.240871	-0.795571	0.138554	-0.657017
1.942000	1.241396	-0.794312	0.137296	-0.657017
1.943000	1.241919	-0.793060	0.136043	-0.657017
1.944000	1.242439	-0.791813	0.134796	-0.657017
1.945000	1.242957	-0.790572	0.133555	-0.657017
1.946000	1.243473	-0.789336	0.132319	-0.657017
1.947000	1.243986	-0.788106	0.131089	-0.657017
1.948000	1.244497	-0.786882	0.129865	-0.657017
1.949000	1.245005	-0.785663	0.128647	-0.657017
1.950000	1.245511	-0.784451	0.127434	-0.657017
1.951000	1.246015	-0.783244	0.126227	-0.657017
1.952000	1.246516	-0.782043	0.125026	-0.657017
1.953000	1.247015	-0.780848	0.123831	-0.657017
1.954000	1.247512	-0.779658	0.122641	-0.657017
1.955000	1.248006	-0.778474	0.121458	-0.657017
1.956000	1.248497	-0.777297	0.120280	-0.657017
1.957000	1.248987	-0.776125	0.119108	-0.657017
1.958000	1.249474	-0.774959	0.117942	-0.657017
1.959000	1.249958	-0.773799	0.116782	-0.657017
1.960000	1.250440	-0.772644	0.115628	-0.657017
1.961000	1.250920	-0.771496	0.114479	-0.657017
1.962000	1.251397	-0.770354	0.113337	-0.657017
1.963000	1.251872	-0.769217	0.112201	-0.657017
1.964000	1.252344	-0.768087	0.111070	-0.657017
1.965000	1.252815	-0.766962	0.109946	-0.657017
1.966000	1.253282	-0.765844	0.108827	-0.657017
1.967000	1.253748	-0.764731	0.107714	-0.657017
1.968000	1.254211	-0.763625	0.106608	-0.657017
1.969000	1.254671	-0.762524	0.105507	-0.657017
1.970000	1.255129	-0.761429	0.104412	-0.657017
1.971000	1.255585	-0.760341	0.103324	-0.657017
1.972000	1.256039	-0.759258	0.102241	-0.657017
1.973000	1.256490	-0.758181	0.101164	-0.657017
1.974000	1.256938	-0.757111	0.100094	-0.657017
1.975000	1.257384	-0.756046	0.099029	-0.657017
1.976000	1.257828	-0.754987	0.097970	-0.657017
1.977000	1.258270	-0.753935	0.096918	-0.657017
1.978000	1.258709	-0.752888	0.095871	-0.657017
1.979000	1.259145	-0.751847	0.094831	-0.657017
1.980000	1.259580	-0.750813	0.093796	-0.657017
1.981000	1.260012	-0.749784	0.092767	-0.657017
1.982000	1.260441	-0.748762	0.091745	-0.657017
1.983000	1.260868	-0.747745	0.090728	-0.657017
1.984000	1.261293	-0.746735	0.089718	-0.657017
1.985000	1.261716	-0.745730	0.088713	-0.657017
1.986000	1.262136	-0.744732	0.087715	-0.657017
1.987000	1.262553	-0.743739	0.086722	-0.657017
1.988000	1.262969	-0.742753	0.085736	-0.657017
1.989000	1.263381	-0.741772	0.084756	-0.657017
1.990000	1.263792	-0.740798	0.083781	-0.657017
1.991000	1.264200	-0.739830	0.082813	-0.657017
1.992000	1.264606	-0.738867	0.081850	-0.657017
1.993000	1.265009	-0.737911	0.080894	-0.657017
1.994000	1.265410	-0.736961	0.079944	-0.657017
1.995000	1.265809	-0.736016	0.078999	-0.657017
1.996000	1.266205	-0.735078	0.078061	-0.657017
1.997000	1.266599	-0.734146	0.077129	-0.657017
1.998000	1.266991	-0.733219	0.076202	-0.657017
1.999000	1.267380	-0.732299	0.075282	-0.657017
