0.000000	-604.631042	384.328674	-220.302368
0.005000	-604.786987	385.497284	-219.289703
0.010000	-605.228027	385.936157	-219.291870
0.015000	-605.954956	386.660706	-219.294250
0.020000	-606.964905	387.672058	-219.292847
0.025000	-608.252930	388.965607	-219.287323
0.030000	-609.817078	390.535889	-219.281189
0.035000	-611.652527	392.374969	-219.277557
0.040000	-613.741821	394.471527	-219.270294
0.045000	-616.074219	396.811432	-219.262787
0.050000	-618.626282	399.374481	-219.251801
0.055000	-621.380371	402.134216	-219.246155
0.060000	-624.293030	405.055023	-219.238007
0.065000	-627.322510	408.090393	-219.232117
0.070000	-630.408569	411.179688	-219.228882
0.075000	-633.468384	414.243988	-219.224396
0.080000	-636.405334	417.183228	-219.222107
0.085000	-639.096802	419.873047	-219.223755
0.090000	-641.394714	422.164276	-219.230438
0.095000	-643.122437	423.885101	-219.237335
0.100000	-644.097656	424.852997	-219.244659
0.105000	-644.152283	424.895905	-219.256378
0.110000	-643.154175	423.888275	-219.265900
0.115000	-641.068848	421.794708	-219.274139
0.120000	-637.984924	418.707977	-219.276947
0.125000	-634.130249	414.857147	-219.273102
0.130000	-629.842346	410.568695	-219.273651
0.135000	-625.469604	406.193054	-219.276550
0.140000	-621.314758	402.027374	-219.287384
0.145000	-617.582214	398.279205	-219.303009
0.150000	-614.393250	395.076660	-219.316589
0.155000	-611.830078	392.501129	-219.328949
0.160000	-609.949646	390.612610	-219.337036
0.165000	-608.798279	389.451080	-219.347198
0.170000	-608.375916	389.019012	-219.356903
0.175000	-608.630249	389.266754	-219.363495
0.180000	-609.467224	390.095062	-219.372162
0.185000	-610.751892	391.375458	-219.376434
0.190000	-612.353149	392.977966	-219.375183
0.195000	-614.166077	394.790710	-219.375366
0.200000	-616.099060	396.729034	-219.370026
0.205000	-618.098267	398.735687	-219.362579
0.210000	-620.136902	400.784241	-219.352661
0.215000	-622.223755	402.881714	-219.342041
0.220000	-624.397278	405.065826	-219.331451
0.225000	-626.708923	407.390228	-219.318695
0.230000	-629.203186	409.892242	-219.310944
0.235000	-631.865295	412.559631	-219.305664
0.240000	-634.614319	415.309418	-219.304901
0.245000	-637.311584	418.005646	-219.305939
0.250000	-639.807861	420.508514	-219.299347
0.255000	-642.030884	422.740448	-219.290436
0.260000	-644.011963	424.741180	-219.270782
0.265000	-645.926514	426.680420	-219.246094
0.270000	-648.030823	428.806458	-219.224365
0.275000	-650.544556	431.332794	-219.211761
0.280000	-653.534546	434.316925	-219.217621
0.285000	-656.823975	437.590820	-219.233154
0.290000	-660.044250	440.793121	-219.251129
0.295000	-662.738647	443.471741	-219.266907
0.300000	-664.486389	445.207489	-219.278900
0.305000	-664.996521	445.715668	-219.280853
0.310000	-664.193665	444.919922	-219.273743
0.315000	-662.250732	442.996857	-219.253876
0.320000	-659.605286	440.382294	-219.222992
0.325000	-656.900635	437.712891	-219.187744
0.330000	-654.852844	435.688446	-219.164398
0.335000	-654.046143	434.894958	-219.151184
0.340000	-654.801392	435.642975	-219.158417
0.345000	-657.068848	437.889648	-219.179199
0.350000	-660.485718	441.283844	-219.201874
0.355000	-664.526794	445.308594	-219.218201
0.360000	-668.666199	449.439728	-219.226471
0.365000	-672.480652	453.261841	-219.218811
0.370000	-675.726929	456.523041	-219.203888
0.375000	-678.324036	459.140137	-219.183899
0.380000	-680.323486	461.157196	-219.166290
0.385000	-681.823181	462.673157	-219.150024
0.390000	-682.903748	463.759705	-219.144043
0.395000	-683.561096	464.419495	-219.141602
0.400000	-683.739319	464.595276	-219.144043
0.405000	-683.356079	464.206055	-219.150024
0.410000	-682.348999	463.195923	-219.153076
0.415000	-680.729980	461.581940	-219.148041
0.420000	-678.647522	459.507812	-219.139709
0.425000	-676.382568	457.255249	-219.127319
0.430000	-674.299622	455.182861	-219.116760
0.435000	-672.723389	453.609528	-219.113861
0.440000	-671.840576	452.719147	-219.121429
0.445000	-671.672546	452.542755	-219.129791
0.450000	-672.149475	453.014221	-219.135254
0.455000	-673.171448	454.034241	-219.137207
0.460000	-674.653198	455.511993	-219.141205
0.465000	-676.503784	457.369965	-219.133820
0.470000	-678.649170	459.512848	-219.136322
0.475000	-680.936035	461.794830	-219.141205
0.480000	-683.164429	464.023651	-219.140778
0.485000	-685.153442	466.017029	-219.136414
0.490000	-686.794067	467.667572	-219.126495
0.495000	-688.074829	468.961426	-219.113403
0.500000	-689.039368	469.940369	-219.098999
0.505000	-689.734192	470.639374	-219.094818
0.510000	-690.143677	471.049316	-219.094360
0.515000	-690.220642	471.125641	-219.095001
0.520000	-689.928162	470.834412	-219.093750
0.525000	-689.279175	470.193848	-219.085327
0.530000	-688.368652	469.287659	-219.080994
0.535000	-687.316101	468.239380	-219.076721
0.540000	-686.241577	467.168274	-219.073303
0.545000	-685.242615	466.167267	-219.075348
0.550000	-684.382263	465.308075	-219.074188
0.555000	-683.733337	464.658417	-219.074921
0.560000	-683.356567	464.281494	-219.075073
0.565000	-683.291138	464.213440	-219.077698
0.570000	-683.519653	464.435272	-219.084381
0.575000	-683.947876	464.854004	-219.093872
0.580000	-684.408508	465.302612	-219.105896
0.585000	-684.682251	465.559967	-219.122284
0.590000	-684.536865	465.405090	-219.131775
0.595000	-683.819519	464.683136	-219.136383
0.600000	-682.502441	463.368927	-219.133514
0.605000	-680.713623	461.592285	-219.121338
0.610000	-678.718323	459.609436	-219.108887
0.615000	-676.817749	457.712250	-219.105499
0.620000	-675.231079	456.122162	-219.108917
0.625000	-674.052612	454.933258	-219.119354
0.630000	-673.264832	454.133270	-219.131561
0.635000	-672.794617	453.657562	-219.137054
0.640000	-672.573425	453.427551	-219.145874
0.645000	-672.522766	453.370117	-219.152649
0.650000	-672.593750	453.441956	-219.151794
0.655000	-672.799744	453.654419	-219.145325
0.660000	-673.223694	454.085052	-219.138641
0.665000	-673.974243	454.843384	-219.130859
0.670000	-675.126892	456.000488	-219.126404
0.675000	-676.648254	457.518097	-219.130157
0.680000	-678.377869	459.240753	-219.137115
0.685000	-680.104065	460.964111	-219.139954
0.690000	-681.654480	462.517609	-219.136871
0.695000	-682.925049	463.787048	-219.138000
0.700000	-683.814575	464.676453	-219.138123
0.705000	-684.211304	465.066681	-219.144623
0.710000	-683.973633	464.824341	-219.149292
0.715000	-683.002441	463.850891	-219.151550
0.720000	-681.287720	462.134613	-219.153107
0.725000	-678.936157	459.790405	-219.145752
0.730000	-676.226990	457.099182	-219.127808
0.735000	-673.627808	454.527710	-219.100098
0.740000	-671.726929	452.644257	-219.082672
0.745000	-670.968384	451.879272	-219.089111
0.750000	-671.370972	452.252441	-219.118530
0.755000	-672.488037	453.323639	-219.164398
0.760000	-673.635010	454.444611	-219.190399
0.765000	-674.294678	455.096954	-219.197723
0.770000	-674.259644	455.076721	-219.182922
0.775000	-673.642639	454.479431	-219.163208
0.780000	-672.710022	453.567993	-219.142029
0.785000	-671.766052	452.630798	-219.135254
0.790000	-671.020752	451.888702	-219.132050
0.795000	-670.604858	451.471313	-219.133545
0.800000	-670.562134	451.424469	-219.137665
0.805000	-670.859558	451.718292	-219.141266
0.810000	-671.403076	452.254211	-219.148865
0.815000	-672.043640	452.889221	-219.154419
0.820000	-672.629700	453.470093	-219.159607
0.825000	-673.027832	453.864838	-219.162994
0.830000	-673.137695	453.975372	-219.162323
0.835000	-672.906311	453.742554	-219.163757
0.840000	-672.312195	453.145142	-219.167053
0.845000	-671.361694	452.197571	-219.164124
0.850000	-670.112183	450.945648	-219.166534
0.855000	-668.632996	449.473694	-219.159302
0.860000	-667.068237	447.912842	-219.155396
0.865000	-665.591553	446.440186	-219.151367
0.870000	-664.399109	445.249146	-219.149963
0.875000	-663.645691	444.491760	-219.153931
0.880000	-663.384033	444.218262	-219.165771
0.885000	-663.528015	444.347046	-219.180969
0.890000	-663.876587	444.675476	-219.201111
0.895000	-664.161499	444.946228	-219.215271
0.900000	-664.162231	444.941376	-219.220856
0.905000	-663.796082	444.578552	-219.217529
0.910000	-663.155762	443.951202	-219.204559
0.915000	-662.474670	443.285736	-219.188934
0.920000	-662.023987	442.841614	-219.182373
0.925000	-661.984314	442.806915	-219.177399
0.930000	-662.416138	443.236572	-219.179565
0.935000	-663.247864	444.060760	-219.187103
0.940000	-664.321411	445.127655	-219.193756
0.945000	-665.448425	446.248535	-219.199890
0.950000	-666.424438	447.212646	-219.211792
0.955000	-667.018921	447.799255	-219.219666
0.960000	-667.032898	447.807281	-219.225616
0.965000	-666.336914	447.109680	-219.227234
0.970000	-664.935364	445.712769	-219.222595
0.975000	-663.004517	443.797089	-219.207428
0.980000	-660.891357	441.702698	-219.188660
0.985000	-659.033325	439.861938	-219.171387
0.990000	-657.853943	438.693359	-219.160583
0.995000	-657.659973	438.502625	-219.157349
1.000000	-658.553040	439.381958	-219.171082
1.005000	-660.333557	441.134949	-219.198608
1.010000	-662.528320	443.302338	-219.225983
1.015000	-664.579041	445.336853	-219.242188
1.020000	-666.055054	446.814148	-219.240906
1.025000	-666.764709	447.532013	-219.232697
1.030000	-666.686401	447.462128	-219.224274
1.035000	-665.874634	446.653046	-219.221588
1.040000	-664.386292	445.165009	-219.221283
1.045000	-662.290100	443.069550	-219.220551
1.050000	-659.715515	440.503387	-219.212128
1.055000	-656.916870	437.713867	-219.203003
1.060000	-654.235535	435.043610	-219.191925
1.065000	-652.015137	432.821594	-219.193542
1.070000	-650.415894	431.204193	-219.211700
1.075000	-649.323059	430.080383	-219.242676
1.080000	-648.417480	429.151581	-219.265900
1.085000	-647.443054	428.178436	-219.264618
1.090000	-646.488342	427.254639	-219.233704
1.095000	-646.065247	426.870941	-219.194305
1.100000	-646.780090	427.605621	-219.174469
1.105000	-648.841248	429.649658	-219.191589
1.110000	-651.872681	432.649017	-219.223663
1.115000	-655.226746	435.985840	-219.240906
1.120000	-658.358765	439.116058	-219.242706
1.125000	-660.931152	441.699066	-219.232086
1.130000	-662.798950	443.581909	-219.217041
1.135000	-663.950195	444.750061	-219.200134
1.140000	-664.468262	445.287018	-219.181244
1.145000	-664.498779	445.333588	-219.165192
1.150000	-664.199951	445.044525	-219.155426
1.155000	-663.706299	444.556366	-219.149933
1.160000	-663.113708	443.965302	-219.148407
1.165000	-662.475220	443.322937	-219.152283
1.170000	-661.794189	442.635559	-219.158630
1.175000	-661.036072	441.872437	-219.163635
1.180000	-660.150330	440.978790	-219.171539
1.185000	-659.076904	439.899078	-219.177826
1.190000	-657.789673	438.606659	-219.183014
1.195000	-656.309570	437.130066	-219.179504
1.200000	-654.738953	435.560333	-219.178619
1.205000	-653.207886	434.025421	-219.182465
1.210000	-651.819397	432.632812	-219.186584
1.215000	-650.614014	431.418884	-219.195129
1.220000	-649.542542	430.337494	-219.205048
1.225000	-648.525146	429.311462	-219.213684
1.230000	-647.516174	428.303467	-219.212708
1.235000	-646.568298	427.357025	-219.211273
1.240000	-645.790344	426.584259	-219.206085
1.245000	-645.316772	426.112000	-219.204773
1.250000	-645.225464	426.015503	-219.209961
1.255000	-645.482483	426.260010	-219.222473
1.260000	-645.914978	426.677399	-219.237579
1.265000	-646.262512	427.005524	-219.256989
1.270000	-646.250732	426.986115	-219.264618
1.275000	-645.730225	426.466797	-219.263428
1.280000	-644.712280	425.453522	-219.258759
1.285000	-643.339661	424.091827	-219.247833
1.290000	-641.837280	422.593658	-219.243622
1.295000	-640.396179	421.154175	-219.242004
1.300000	-639.145935	419.899597	-219.246338
1.305000	-638.143799	418.892548	-219.251251
1.310000	-637.405701	418.148499	-219.257202
1.315000	-636.892944	417.619659	-219.273285
1.320000	-636.452515	417.160248	-219.292267
1.325000	-635.855347	416.548401	-219.306946
1.330000	-634.881287	415.562012	-219.319275
1.335000	-633.387756	414.064362	-219.323395
1.340000	-631.367493	412.046417	-219.321075
1.345000	-628.953979	409.640381	-219.313599
1.350000	-626.405640	407.103943	-219.301697
1.355000	-624.049805	404.753632	-219.296173
1.360000	-622.145020	402.847198	-219.297821
1.365000	-620.796509	401.488403	-219.308105
1.370000	-619.954468	400.632843	-219.321625
1.375000	-619.505005	400.172150	-219.332855
1.380000	-619.338196	399.997070	-219.341125
1.385000	-619.342285	399.990997	-219.351288
1.390000	-619.365417	400.002502	-219.362915
1.395000	-619.218384	399.849915	-219.368469
1.400000	-618.763794	399.390656	-219.373138
1.405000	-617.981018	398.617859	-219.363159
1.410000	-617.055786	397.712952	-219.342834
1.415000	-616.309814	396.988495	-219.321320
1.420000	-616.039551	396.717987	-219.321564
1.425000	-616.301147	396.967926	-219.333221
1.430000	-616.923645	397.575287	-219.348358
1.435000	-617.625122	398.266357	-219.358765
1.440000	-618.150940	398.788330	-219.362610
1.445000	-618.332886	398.970886	-219.362000
1.450000	-618.091309	398.731659	-219.359650
1.455000	-617.425476	398.072937	-219.352539
1.460000	-616.412048	397.066650	-219.345398
1.465000	-615.171326	395.835693	-219.335632
1.470000	-613.847900	394.515594	-219.332306
1.475000	-612.559814	393.227753	-219.332062
1.480000	-611.389526	392.056854	-219.332672
1.485000	-610.383301	391.045898	-219.337402
1.490000	-609.549011	390.201538	-219.347473
1.495000	-608.856445	389.502686	-219.353760
1.500000	-608.275574	388.913208	-219.362366
1.505000	-607.759521	388.391479	-219.368042
1.510000	-607.273560	387.903656	-219.369904
1.515000	-606.803650	387.431763	-219.371887
1.520000	-606.356689	386.981537	-219.375153
1.525000	-605.945801	386.567993	-219.377808
1.530000	-605.580750	386.199036	-219.381714
1.535000	-605.250183	385.868134	-219.382050
1.540000	-604.960693	385.580261	-219.380432
1.545000	-604.763550	385.390625	-219.372925
1.550000	-604.781982	385.417358	-219.364624
1.555000	-605.155884	385.797485	-219.358398
1.560000	-605.962463	386.605225	-219.357239
1.565000	-607.148254	387.782257	-219.365997
1.570000	-608.513000	389.135315	-219.377686
1.575000	-609.781677	390.393921	-219.387756
1.580000	-610.689453	391.295929	-219.393524
1.585000	-611.048035	391.657288	-219.390747
1.590000	-610.795410	391.409851	-219.385559
1.595000	-609.975403	390.599762	-219.375641
1.600000	-608.728027	389.359772	-219.368256
1.605000	-607.226501	387.864685	-219.361816
1.610000	-605.646973	386.288574	-219.358398
1.615000	-604.137817	384.777466	-219.360352
1.620000	-602.797974	383.439362	-219.358612
1.625000	-601.702515	382.341644	-219.360870
1.630000	-600.875305	381.510712	-219.364594
1.635000	-600.309204	380.938080	-219.371124
1.640000	-599.964905	380.588348	-219.376556
1.645000	-599.790344	380.409668	-219.380676
1.650000	-599.726135	380.337738	-219.388397
1.655000	-599.688171	380.294098	-219.394073
1.660000	-599.587585	380.186005	-219.401581
1.665000	-599.322693	379.912964	-219.409729
1.670000	-598.792603	379.373688	-219.418915
1.675000	-597.908325	378.479828	-219.428497
1.680000	-596.595703	377.158905	-219.436798
1.685000	-594.808594	375.364258	-219.444336
1.690000	-592.540039	373.087128	-219.452911
1.695000	-589.835327	370.379944	-219.455383
1.700000	-586.839966	367.387360	-219.452606
1.705000	-583.799194	364.354401	-219.444794
1.710000	-581.028748	361.588623	-219.440125
1.715000	-578.811035	359.367493	-219.443542
1.720000	-577.295715	357.838837	-219.456879
1.725000	-576.460938	356.986176	-219.474762
1.730000	-576.162781	356.673279	-219.489502
1.735000	-576.235779	356.739960	-219.495819
1.740000	-576.573975	357.074707	-219.499268
1.745000	-577.138916	357.643616	-219.495300
1.750000	-577.962585	358.474548	-219.488037
1.755000	-579.098328	359.615479	-219.482849
1.760000	-580.569397	361.088898	-219.480499
1.765000	-582.331177	362.849365	-219.481812
1.770000	-584.246826	364.755096	-219.491730
1.775000	-586.080139	366.577881	-219.502258
1.780000	-587.585571	368.086334	-219.499237
1.785000	-588.658325	369.171356	-219.486969
1.790000	-589.394714	369.932617	-219.462097
1.795000	-590.072510	370.638763	-219.433746
1.800000	-590.999023	371.577667	-219.421356
1.805000	-592.314758	372.894348	-219.420410
1.810000	-593.947693	374.520416	-219.427277
1.815000	-595.658081	376.219025	-219.439056
1.820000	-597.145691	377.698975	-219.446716
1.825000	-598.163513	378.719543	-219.443970
1.830000	-598.593994	379.155884	-219.438110
1.835000	-598.438049	379.010071	-219.427979
1.840000	-597.800293	378.382446	-219.417847
1.845000	-596.828125	377.421265	-219.406860
1.850000	-595.676086	376.272552	-219.403534
1.855000	-594.450989	375.046600	-219.404388
1.860000	-593.218262	373.810303	-219.407959
1.865000	-592.004150	372.591949	-219.412201
1.870000	-590.812378	371.394531	-219.417847
1.875000	-589.629578	370.204102	-219.425476
1.880000	-588.429199	369.001038	-219.428162
1.885000	-587.204590	367.767517	-219.437073
1.890000	-585.940002	366.496277	-219.443726
1.895000	-584.636536	365.187073	-219.449463
1.900000	-583.297729	363.840179	-219.457550
1.905000	-581.913940	362.449066	-219.464874
1.910000	-580.477478	361.003906	-219.473572
1.915000	-578.978699	359.500244	-219.478455
1.920000	-577.432678	357.949829	-219.482849
1.925000	-575.871521	356.382355	-219.489166
1.930000	-574.338318	354.846100	-219.492218
1.935000	-572.908508	353.416168	-219.492340
1.940000	-571.691162	352.201416	-219.489746
1.945000	-570.826050	351.337830	-219.488220
1.950000	-570.439819	350.954315	-219.485504
1.955000	-570.609131	351.120148	-219.488983
1.960000	-571.296936	351.799652	-219.497284
1.965000	-572.359131	352.852753	-219.506378
1.970000	-573.593384	354.078217	-219.515167
1.975000	-574.796326	355.277344	-219.518982
1.980000	-575.815125	356.298431	-219.516693
1.985000	-576.566833	357.052246	-219.514587
1.990000	-577.012329	357.501770	-219.510559
1.995000	-577.152283	357.646149	-219.506134
2.000000	-577.015503	357.512482	-219.503021
2.005000	-576.647156	357.150818	-219.496338
2.010000	-576.119141	356.628448	-219.490692
2.015000	-575.507446	356.018494	-219.488953
2.020000	-574.877502	355.387207	-219.490295
2.025000	-574.272339	354.782898	-219.489441
2.030000	-573.719421	354.227661	-219.491760
2.035000	-573.201782	353.703552	-219.498230
2.040000	-572.653687	353.143066	-219.510620
2.045000	-571.952026	352.429871	-219.522156
2.050000	-570.955078	351.419067	-219.536011
2.055000	-569.528931	349.982544	-219.546387
2.060000	-567.615723	348.065491	-219.550232
2.065000	-565.284058	345.737274	-219.546783
2.070000	-562.735474	343.199677	-219.535797
2.075000	-560.256897	340.724579	-219.532318
2.080000	-558.077820	338.542023	-219.535797
2.085000	-556.298340	336.751648	-219.546692
2.090000	-554.889221	335.328888	-219.560333
2.095000	-553.778259	334.211334	-219.566925
2.100000	-552.946411	333.380371	-219.566040
2.105000	-552.449036	332.886719	-219.562317
2.110000	-552.371826	332.814270	-219.557556
2.115000	-552.777771	333.220062	-219.557709
2.120000	-553.651367	334.089111	-219.562256
2.125000	-554.884949	335.316925	-219.568024
2.130000	-556.301270	336.728119	-219.573151
2.135000	-557.698242	338.120026	-219.578217
2.140000	-558.890686	339.311340	-219.579346
2.145000	-559.752625	340.177246	-219.575378
2.150000	-560.232117	340.657379	-219.574738
2.155000	-560.314270	340.745972	-219.568298
2.160000	-560.043335	340.478149	-219.565186
2.165000	-559.488098	339.930389	-219.557709
2.170000	-558.774231	339.224915	-219.549316
2.175000	-558.065247	338.523865	-219.541382
2.180000	-557.532837	337.995117	-219.537720
2.185000	-557.291077	337.752594	-219.538483
2.190000	-557.347900	337.801300	-219.546600
2.195000	-557.583374	338.022430	-219.560944
2.200000	-557.791992	338.219940	-219.572052
2.205000	-557.779541	338.202606	-219.576935
2.210000	-557.429565	337.852020	-219.577545
2.215000	-556.719299	337.145111	-219.574188
2.220000	-555.700256	336.125641	-219.574615
2.225000	-554.439331	334.867218	-219.572113
2.230000	-553.021851	333.448914	-219.572937
2.235000	-551.520996	331.948822	-219.572174
2.240000	-550.020813	330.444427	-219.576385
2.245000	-548.588135	329.006744	-219.581390
2.250000	-547.275635	327.691254	-219.584381
2.255000	-546.115234	326.527100	-219.588135
2.260000	-545.107300	325.510071	-219.597229
2.265000	-544.207764	324.604553	-219.603210
2.270000	-543.373047	323.763763	-219.609283
2.275000	-542.568726	322.956360	-219.612366
2.280000	-541.797668	322.187103	-219.610565
2.285000	-541.102844	321.490387	-219.612457
2.290000	-540.522766	320.910889	-219.611877
2.295000	-540.096985	320.484253	-219.612732
2.300000	-539.843445	320.230164	-219.613281
2.305000	-539.769714	320.155273	-219.614441
2.310000	-539.873291	320.256989	-219.616302
2.315000	-540.137878	320.519653	-219.618225
2.320000	-540.530640	320.910736	-219.619904
2.325000	-541.004272	321.383698	-219.620575
2.330000	-541.503601	321.881287	-219.622314
2.335000	-541.968201	322.344513	-219.623688
2.340000	-542.339539	322.715729	-219.623810
2.345000	-542.570557	322.943176	-219.627380
2.350000	-542.610962	322.983490	-219.627472
2.355000	-542.439270	322.810577	-219.628693
2.360000	-542.053650	322.426971	-219.626678
2.365000	-541.501221	321.880768	-219.620453
2.370000	-540.895630	321.282196	-219.613434
2.375000	-540.405518	320.800476	-219.605042
2.380000	-540.216980	320.618774	-219.598206
2.385000	-540.446106	320.839844	-219.606262
2.390000	-541.028320	321.410980	-219.617340
2.395000	-541.775391	322.146210	-219.629181
2.400000	-542.474426	322.843323	-219.631104
2.405000	-543.014893	323.390686	-219.624207
2.410000	-543.403076	323.789093	-219.613983
2.415000	-543.710144	324.102448	-219.607697
2.420000	-543.993958	324.390442	-219.603516
2.425000	-544.265808	324.663879	-219.601929
2.430000	-544.487610	324.881195	-219.606415
2.435000	-544.576660	324.967316	-219.609344
2.440000	-544.455811	324.841400	-219.614410
2.445000	-544.055420	324.436005	-219.619415
2.450000	-543.327087	323.706299	-219.620789
2.455000	-542.257202	322.634247	-219.622955
2.460000	-540.854065	321.228363	-219.625702
2.465000	-539.160339	319.533356	-219.626984
2.470000	-537.263367	317.637390	-219.625977
2.475000	-535.303284	315.678497	-219.624786
2.480000	-533.456787	313.835022	-219.621765
2.485000	-531.907288	312.284973	-219.622314
2.490000	-530.778870	311.149078	-219.629791
2.495000	-530.087830	310.447479	-219.640350
2.500000	-529.757080	310.105255	-219.651825
2.505000	-529.662231	309.999664	-219.662567
2.510000	-529.678223	310.009705	-219.668518
2.515000	-529.716370	310.044281	-219.672089
2.520000	-529.722961	310.047882	-219.675079
2.525000	-529.674683	310.001892	-219.672791
2.530000	-529.597717	309.926727	-219.670990
2.535000	-529.545898	309.879517	-219.666382
2.540000	-529.594604	309.929779	-219.664825
2.545000	-529.786377	310.118469	-219.667908
2.550000	-530.093811	310.419128	-219.674683
2.555000	-530.430359	310.749847	-219.680511
2.560000	-530.726501	311.047302	-219.679199
2.565000	-531.033752	311.373230	-219.660522
2.570000	-531.594971	311.955078	-219.639893
2.575000	-532.703186	313.074158	-219.629028
2.580000	-534.465881	314.829193	-219.636688
2.585000	-536.660400	317.004333	-219.656067
2.590000	-538.856262	319.187225	-219.669037
2.595000	-540.676880	321.006714	-219.670166
2.600000	-541.933472	322.275452	-219.658020
2.605000	-542.630737	322.987183	-219.643555
2.610000	-542.871887	323.243591	-219.628296
2.615000	-542.805420	323.187683	-219.617737
2.620000	-542.565002	322.954559	-219.610443
2.625000	-542.256348	322.650848	-219.605499
2.630000	-541.950684	322.346893	-219.603790
2.635000	-541.686646	322.082336	-219.604309
2.640000	-541.483276	321.877563	-219.605713
2.645000	-541.349060	321.742615	-219.606445
2.650000	-541.288879	321.681519	-219.607361
2.655000	-541.297302	321.688934	-219.608368
2.660000	-541.353760	321.741211	-219.612549
2.665000	-541.409546	321.791565	-219.617981
2.670000	-541.398438	321.773376	-219.625061
2.675000	-541.250122	321.621460	-219.628662
2.680000	-540.929016	321.298309	-219.630707
2.685000	-540.439941	320.813568	-219.626373
2.690000	-539.839294	320.214508	-219.624786
2.695000	-539.174072	319.546234	-219.627838
2.700000	-538.449585	318.819336	-219.630249
2.705000	-537.654602	318.018463	-219.636139
2.710000	-536.780701	317.146790	-219.633911
2.715000	-535.893311	316.263428	-219.629883
2.720000	-535.099854	315.475739	-219.624115
2.725000	-534.514832	314.893158	-219.621674
2.730000	-534.197083	314.573822	-219.623260
2.735000	-534.132568	314.502991	-219.629578
2.740000	-534.246277	314.610321	-219.635956
2.745000	-534.449768	314.809235	-219.640533
2.750000	-534.669861	315.027740	-219.642120
2.755000	-534.860046	315.220673	-219.639374
2.760000	-535.002686	315.362335	-219.640350
2.765000	-535.076538	315.435822	-219.640717
2.770000	-535.065125	315.425446	-219.639679
2.775000	-534.955750	315.315765	-219.639984
2.780000	-534.734863	315.094452	-219.640411
2.785000	-534.396790	314.755005	-219.641785
2.790000	-533.943298	314.300812	-219.642487
2.795000	-533.391602	313.750366	-219.641235
2.800000	-532.783752	313.142487	-219.641266
2.805000	-532.175110	312.536407	-219.638702
2.810000	-531.638733	312.003265	-219.635468
2.815000	-531.243713	311.607208	-219.636505
2.820000	-531.025635	311.390106	-219.635529
2.825000	-531.002319	311.365997	-219.636322
2.830000	-531.163757	311.523346	-219.640411
2.835000	-531.471375	311.830017	-219.641357
2.840000	-531.877747	312.233276	-219.644470
2.845000	-532.312317	312.665436	-219.646881
2.850000	-532.709412	313.060791	-219.648621
2.855000	-533.023987	313.377228	-219.646759
2.860000	-533.251709	313.609039	-219.642670
2.865000	-533.418762	313.779999	-219.638763
2.870000	-533.558960	313.924042	-219.634918
2.875000	-533.701111	314.066528	-219.634583
2.880000	-533.852051	314.218201	-219.633850
2.885000	-534.011475	314.378174	-219.633301
2.890000	-534.173889	314.539062	-219.634827
2.895000	-534.324585	314.690094	-219.634491
2.900000	-534.452332	314.817749	-219.634583
2.905000	-534.541382	314.907440	-219.633942
2.910000	-534.579346	314.947083	-219.632263
2.915000	-534.562134	314.930359	-219.631775
2.920000	-534.488708	314.856873	-219.631836
2.925000	-534.359985	314.728668	-219.631317
2.930000	-534.176758	314.544983	-219.631775
2.935000	-533.932617	314.298187	-219.634430
2.940000	-533.610352	313.973053	-219.637299
2.945000	-533.189697	313.548492	-219.641205
2.950000	-532.648865	313.004730	-219.644135
2.955000	-531.978638	312.330719	-219.647919
2.960000	-531.181213	311.530701	-219.650513
2.965000	-530.281494	310.629456	-219.652039
2.970000	-529.328125	309.675049	-219.653076
2.975000	-528.392822	308.742523	-219.650299
2.980000	-527.583557	307.936554	-219.647003
2.985000	-527.026550	307.381165	-219.645386
2.990000	-526.834839	307.190063	-219.644775
2.995000	-527.066528	307.419830	-219.646698
3.000000	-527.694824	308.037415	-219.657410
3.005000	-528.591980	308.927979	-219.664001
3.010000	-529.611267	309.941681	-219.669586
3.015000	-530.617798	310.948486	-219.669312
3.020000	-531.533264	311.865417	-219.667847
3.025000	-532.312683	312.648804	-219.663879
3.030000	-532.936829	313.274658	-219.662170
3.035000	-533.385803	313.726166	-219.659637
3.040000	-533.659790	314.002411	-219.657379
3.045000	-533.791199	314.138763	-219.652435
3.050000	-533.861511	314.216248	-219.645264
3.055000	-533.982483	314.347412	-219.635071
3.060000	-534.267395	314.636444	-219.630951
3.065000	-534.773315	315.143311	-219.630005
3.070000	-535.500061	315.871552	-219.628510
3.075000	-536.406311	316.777527	-219.628784
3.080000	-537.416016	317.785370	-219.630646
3.085000	-538.434265	318.800751	-219.633514
3.090000	-539.359985	319.726746	-219.633240
3.095000	-540.119202	320.485168	-219.634033
3.100000	-540.667358	321.038086	-219.629272
3.105000	-541.020508	321.398071	-219.622437
3.110000	-541.235046	321.619507	-219.615540
3.115000	-541.387817	321.777496	-219.610321
3.120000	-541.543213	321.935852	-219.607361
3.125000	-541.729431	322.121368	-219.608063
3.130000	-541.922119	322.309784	-219.612335
3.135000	-542.053772	322.436218	-219.617554
3.140000	-542.043579	322.420380	-219.623199
3.145000	-541.821167	322.194427	-219.626740
3.150000	-541.348816	321.722626	-219.626190
3.155000	-540.633301	321.007568	-219.625732
3.160000	-539.713806	320.088287	-219.625519
3.165000	-538.661316	319.036804	-219.624512
3.170000	-537.573669	317.951080	-219.622589
3.175000	-536.559265	316.937378	-219.621887
3.180000	-535.705078	316.081024	-219.624054
3.185000	-535.049011	315.419159	-219.629852
3.190000	-534.571472	314.934174	-219.637299
3.195000	-534.221619	314.577271	-219.644348
3.200000	-533.952698	314.307831	-219.644867
3.205000	-533.764832	314.120728	-219.644104
3.210000	-533.685425	314.040985	-219.644440
3.215000	-533.735291	314.090027	-219.645264
3.220000	-533.903687	314.255676	-219.648010
3.225000	-534.136536	314.484222	-219.652313
3.230000	-534.358093	314.703918	-219.654175
3.235000	-534.517090	314.863983	-219.653107
3.240000	-534.618835	314.973511	-219.645325
3.245000	-534.749695	315.111847	-219.637848
3.250000	-535.030029	315.401764	-219.628265
3.255000	-535.572021	315.949127	-219.622894
3.260000	-536.417297	316.792297	-219.625000
3.265000	-537.515625	317.885651	-219.629974
3.270000	-538.758057	319.126740	-219.631317
3.275000	-540.027527	320.399597	-219.627930
3.280000	-541.240356	321.614441	-219.625916
3.285000	-542.352966	322.733429	-219.619537
3.290000	-543.389404	323.780304	-219.609100
3.295000	-544.427307	324.829346	-219.597961
3.300000	-545.561523	325.976837	-219.584686
3.305000	-546.873840	327.294159	-219.579681
3.310000	-548.366211	328.789856	-219.576355
3.315000	-549.978394	330.400421	-219.577972
3.320000	-551.592712	332.012177	-219.580536
3.325000	-553.081482	333.500275	-219.581207
3.330000	-554.337341	334.759094	-219.578247
3.335000	-555.296021	335.720093	-219.575928
3.340000	-555.920776	336.352844	-219.567932
3.345000	-556.220642	336.655273	-219.565369
3.350000	-556.205688	336.640381	-219.565308
3.355000	-555.885254	336.318298	-219.566956
3.360000	-555.259399	335.688080	-219.571320
3.365000	-554.313477	334.735992	-219.577484
3.370000	-553.034668	333.451965	-219.582703
3.375000	-551.447693	331.860748	-219.586945
3.380000	-549.639954	330.055389	-219.584564
3.385000	-547.787537	328.208221	-219.579315
3.390000	-546.118774	326.544098	-219.574677
3.395000	-544.858215	325.283722	-219.574493
3.400000	-544.180664	324.605286	-219.575378
3.405000	-544.216736	324.644470	-219.572266
3.410000	-545.061096	325.487976	-219.573120
3.415000	-546.695740	327.115479	-219.580261
3.420000	-548.933533	329.339813	-219.593719
3.425000	-551.440125	331.834503	-219.605621
3.430000	-553.864685	334.255707	-219.608978
3.435000	-555.967957	336.366638	-219.601318
3.440000	-557.670654	338.082550	-219.588104
3.445000	-559.017639	339.444763	-219.572876
3.450000	-560.119263	340.560944	-219.558319
3.455000	-561.097412	341.551270	-219.546143
3.460000	-562.045288	342.510071	-219.535217
3.465000	-563.017517	343.488953	-219.528564
3.470000	-564.021179	344.496857	-219.524323
3.475000	-565.041870	345.517883	-219.523987
3.480000	-566.047607	346.528778	-219.518829
3.485000	-567.025696	347.511230	-219.514465
3.490000	-567.965088	348.453705	-219.511383
3.495000	-568.851990	349.342133	-219.509857
3.500000	-569.660889	350.155029	-219.505859
3.505000	-570.370117	350.864777	-219.505341
3.510000	-570.949890	351.443756	-219.506134
3.515000	-571.374268	351.870789	-219.503479
3.520000	-571.630676	352.127930	-219.502747
3.525000	-571.695496	352.188690	-219.506805
3.530000	-571.520020	352.008636	-219.511383
3.535000	-571.045471	351.524963	-219.520508
3.540000	-570.198059	350.670166	-219.527893
3.545000	-568.934509	349.399261	-219.535248
3.550000	-567.262268	347.724762	-219.537506
3.555000	-565.273071	345.736969	-219.536102
3.560000	-563.127869	343.590912	-219.536957
3.565000	-560.993530	341.450287	-219.543243
3.570000	-558.981201	339.431366	-219.549835
3.575000	-557.162170	337.605988	-219.556183
3.580000	-555.609253	336.054352	-219.554901
3.585000	-554.450806	334.899994	-219.550812
3.590000	-553.833252	334.284058	-219.549194
3.595000	-553.857056	334.306183	-219.550873
3.600000	-554.544373	334.990875	-219.553497
3.605000	-555.851929	336.300293	-219.551636
3.610000	-557.719849	338.172516	-219.547333
3.615000	-560.095825	340.553345	-219.542480
3.620000	-562.927551	343.395599	-219.531952
3.625000	-566.168579	346.641510	-219.527069
3.630000	-569.715942	350.197876	-219.518066
3.635000	-573.437927	353.924011	-219.513916
3.640000	-577.150696	357.639526	-219.511169
3.645000	-580.647400	361.139160	-219.508240
3.650000	-583.726501	364.218842	-219.507660
3.655000	-586.195740	366.692535	-219.503204
3.660000	-587.913635	368.413330	-219.500305
3.665000	-588.783386	369.290222	-219.493164
3.670000	-588.792297	369.306946	-219.485352
3.675000	-588.012634	368.537323	-219.475311
3.680000	-586.611084	367.149933	-219.461151
3.685000	-584.843262	365.393066	-219.450195
3.690000	-583.002563	363.560150	-219.442413
3.695000	-581.370056	361.935364	-219.434692
3.700000	-580.180298	360.747498	-219.432800
3.705000	-579.579834	360.144714	-219.435120
3.710000	-579.622986	360.184479	-219.438507
3.715000	-580.278625	360.830719	-219.447906
3.720000	-581.419006	361.960205	-219.458801
3.725000	-582.850281	363.385345	-219.464935
3.730000	-584.370605	364.898254	-219.472351
3.735000	-585.786255	366.312012	-219.474243
3.740000	-586.957703	367.480774	-219.476929
3.745000	-587.768799	368.290375	-219.478424
3.750000	-588.125671	368.642059	-219.483612
3.755000	-587.939575	368.452087	-219.487488
3.760000	-587.168640	367.680634	-219.488007
3.765000	-585.851929	366.365906	-219.486023
3.770000	-584.108948	364.625549	-219.483398
3.775000	-582.096191	362.610107	-219.486084
3.780000	-579.942200	360.453003	-219.489197
3.785000	-577.762268	358.272308	-219.489960
3.790000	-575.712952	356.225983	-219.486969
3.795000	-574.023743	354.547638	-219.476105
3.800000	-572.981018	353.510223	-219.470795
3.805000	-572.801697	353.331360	-219.470337
3.810000	-573.556824	354.077789	-219.479034
3.815000	-575.121033	355.627747	-219.493286
3.820000	-577.232422	357.722046	-219.510376
3.825000	-579.592224	360.083649	-219.508575
3.830000	-582.048157	362.553467	-219.494690
3.835000	-584.630371	365.154968	-219.475403
3.840000	-587.472534	368.015472	-219.457062
3.845000	-590.641968	371.187683	-219.454285
3.850000	-593.981873	374.523193	-219.458679
3.855000	-597.175964	377.710632	-219.465332
3.860000	-599.877625	380.412415	-219.465210
3.865000	-601.838501	382.380249	-219.458252
3.870000	-602.953369	383.506165	-219.447205
3.875000	-603.256348	383.826477	-219.429871
3.880000	-602.911621	383.498444	-219.413177
3.885000	-602.151428	382.754700	-219.396729
3.890000	-601.232605	381.847260	-219.385345
3.895000	-600.368286	380.988251	-219.380035
3.900000	-599.692078	380.309875	-219.382202
3.905000	-599.241577	379.853729	-219.387848
3.910000	-598.980652	379.582855	-219.397797
3.915000	-598.809631	379.403381	-219.406250
3.920000	-598.612305	379.195282	-219.417023
3.925000	-598.276123	378.851105	-219.425018
3.930000	-597.740356	378.317993	-219.422363
3.935000	-597.048218	377.628143	-219.420074
3.940000	-596.311584	376.897186	-219.414398
3.945000	-595.684937	376.274384	-219.410553
3.950000	-595.282043	375.869324	-219.412720
3.955000	-595.120483	375.699738	-219.420746
3.960000	-595.133667	375.708191	-219.425476
3.965000	-595.260803	375.836029	-219.424774
3.970000	-595.517395	376.098328	-219.419067
3.975000	-596.006775	376.599548	-219.407227
3.980000	-596.866882	377.468536	-219.398346
3.985000	-598.166992	378.769592	-219.397400
3.990000	-599.852356	380.452057	-219.400299
3.995000	-601.774170	382.371826	-219.402344
4.000000	-603.751953	384.346954	-219.404999
4.005000	-605.598083	386.195831	-219.402252
4.010000	-607.162964	387.763123	-219.399841
4.015000	-608.333801	388.938416	-219.395386
4.020000	-609.060181	389.670593	-219.389587
4.025000	-609.352478	389.970978	-219.381500
4.030000	-609.276672	389.902679	-219.373993
4.035000	-608.920227	389.552490	-219.367737
4.040000	-608.363159	388.996582	-219.366577
4.045000	-607.643494	388.274231	-219.369263
4.050000	-606.760559	387.386169	-219.374390
4.055000	-605.690369	386.313568	-219.376801
4.060000	-604.426208	385.041138	-219.385071
4.065000	-602.963196	383.575989	-219.387207
4.070000	-601.344238	381.954193	-219.390045
4.075000	-599.631531	380.241455	-219.390076
4.080000	-597.920715	378.528625	-219.392090
4.085000	-596.312622	376.919159	-219.393463
4.090000	-594.912170	375.515686	-219.396484
4.095000	-593.797913	374.401581	-219.396332
4.100000	-593.028198	373.626343	-219.401855
4.105000	-592.601379	373.189117	-219.412262
4.110000	-592.453918	373.032196	-219.421722
4.115000	-592.479187	373.045654	-219.433533
4.120000	-592.539001	373.095917	-219.443085
4.125000	-592.513245	373.066589	-219.446655
4.130000	-592.348633	372.901245	-219.447388
4.135000	-592.059204	372.617798	-219.441406
4.140000	-591.729736	372.289551	-219.440186
4.145000	-591.432007	371.992554	-219.439453
4.150000	-591.190613	371.742981	-219.447632
4.155000	-590.925232	371.464600	-219.460632
4.160000	-590.488159	371.012634	-219.475525
4.165000	-589.729553	370.245483	-219.484070
4.170000	-588.583130	369.098999	-219.484131
4.175000	-587.101990	367.619781	-219.482208
4.180000	-585.418518	365.938538	-219.479980
4.185000	-583.700378	364.221497	-219.478882
4.190000	-582.115906	362.640350	-219.475555
4.195000	-580.850037	361.377197	-219.472839
4.200000	-580.089722	360.624878	-219.464844
4.205000	-580.040833	360.583191	-219.457642
4.210000	-580.895447	361.447296	-219.448151
4.215000	-582.805176	363.363312	-219.441864
4.220000	-585.762695	366.311432	-219.451263
4.225000	-589.470215	369.999908	-219.470306
4.230000	-593.396973	373.908356	-219.488617
4.235000	-596.981750	377.485748	-219.496002
4.240000	-599.819275	380.332275	-219.487000
4.245000	-601.726013	382.254456	-219.471558
4.250000	-602.683472	383.226135	-219.457336
4.255000	-602.781189	383.340118	-219.441071
4.260000	-602.203186	382.779327	-219.423859
4.265000	-601.203857	381.800323	-219.403534
4.270000	-600.088562	380.697113	-219.391449
4.275000	-599.123718	379.737457	-219.386261
4.280000	-598.480530	379.094238	-219.386292
4.285000	-598.199158	378.803955	-219.395203
4.290000	-598.182678	378.774384	-219.408295
4.295000	-598.252563	378.830322	-219.422241
4.300000	-598.199829	378.765869	-219.433960
4.305000	-597.838684	378.393188	-219.445496
4.310000	-597.019348	377.567627	-219.451721
4.315000	-595.652527	376.191193	-219.461334
4.320000	-593.680603	374.209137	-219.471466
4.325000	-591.101501	371.622101	-219.479401
4.330000	-587.989929	368.513733	-219.476196
4.335000	-584.557190	365.087280	-219.469910
4.340000	-581.125671	361.666901	-219.458771
4.345000	-578.087769	358.633331	-219.454437
4.350000	-575.758118	356.298004	-219.460114
4.355000	-574.263916	354.781982	-219.481934
4.360000	-573.493591	353.989136	-219.504456
4.365000	-573.239929	353.720764	-219.519165
4.370000	-573.368591	353.854126	-219.514465
4.375000	-573.958984	354.463623	-219.495361
4.380000	-575.262878	355.790771	-219.472107
4.385000	-577.535828	358.076599	-219.459229
4.390000	-580.835083	361.372742	-219.462341
4.395000	-584.937195	365.462585	-219.474609
4.400000	-589.412415	369.927612	-219.484802
4.405000	-593.777466	374.286163	-219.491302
4.410000	-597.601807	378.116699	-219.485107
4.415000	-600.600342	381.125641	-219.474701
4.420000	-602.616333	383.154236	-219.462097
4.425000	-603.607849	384.154968	-219.452881
4.430000	-603.600281	384.159424	-219.440857
4.435000	-602.693176	383.260620	-219.432556
4.440000	-601.036865	381.613922	-219.422943
4.445000	-598.871094	379.461243	-219.409851
4.450000	-596.549927	377.159821	-219.390106
4.455000	-594.546387	375.177246	-219.369141
4.460000	-593.348389	373.987732	-219.360657
4.465000	-593.235779	373.861023	-219.374756
4.470000	-594.095398	374.689331	-219.406067
4.475000	-595.483459	376.049255	-219.434204
4.480000	-596.918762	377.476562	-219.442200
4.485000	-598.145752	378.711151	-219.434601
4.490000	-599.160339	379.743225	-219.417114
4.495000	-600.088257	380.684326	-219.403931
4.500000	-601.000977	381.597839	-219.403137
4.505000	-601.835754	382.427521	-219.408234
4.510000	-602.457458	383.047546	-219.409912
4.515000	-602.766724	383.359009	-219.407715
4.520000	-602.756836	383.358246	-219.398590
4.525000	-602.540405	383.155121	-219.385284
4.530000	-602.305969	382.930359	-219.375610
4.535000	-602.223389	382.851562	-219.371826
4.540000	-602.356323	382.979309	-219.377014
4.545000	-602.629028	383.239502	-219.389526
4.550000	-602.877991	383.482178	-219.395813
4.555000	-602.966675	383.571289	-219.395386
4.560000	-602.826416	383.427979	-219.398438
4.565000	-602.421082	383.022400	-219.398682
4.570000	-601.746216	382.342804	-219.403412
4.575000	-600.786682	381.377747	-219.408936
4.580000	-599.533691	380.116608	-219.417084
4.585000	-597.987793	378.564575	-219.423218
4.590000	-596.197754	376.770874	-219.426880
4.595000	-594.294556	374.879456	-219.415100
4.600000	-592.577515	373.178131	-219.399384
4.605000	-591.465210	372.088654	-219.376556
4.610000	-591.383423	372.012817	-219.370605
4.615000	-592.476013	373.088013	-219.388000
4.620000	-594.473450	375.056519	-219.416931
4.625000	-596.842773	377.402039	-219.440735
4.630000	-599.065247	379.620178	-219.445068
4.635000	-600.834473	381.395691	-219.438782
4.640000	-602.044617	382.617798	-219.426819
4.645000	-602.720947	383.308411	-219.412537
4.650000	-602.949341	383.544922	-219.404419
4.655000	-602.817139	383.419281	-219.397858
4.660000	-602.414978	383.026306	-219.388672
4.665000	-601.852661	382.466705	-219.385956
4.670000	-601.226685	381.844391	-219.382294
4.675000	-600.634399	381.254211	-219.380188
4.680000	-600.145142	380.764984	-219.380157
4.685000	-599.796326	380.412781	-219.383545
4.690000	-599.588501	380.201324	-219.387177
4.695000	-599.501587	380.109802	-219.391785
4.700000	-599.492737	380.097870	-219.394867
4.705000	-599.510986	380.111603	-219.399384
4.710000	-599.489380	380.084625	-219.404755
4.715000	-599.353882	379.944122	-219.409760
4.720000	-599.028076	379.612396	-219.415680
4.725000	-598.437500	379.015778	-219.421722
4.730000	-597.523560	378.095428	-219.428131
4.735000	-596.250671	376.818695	-219.431976
4.740000	-594.630493	375.194519	-219.435974
4.745000	-592.718567	373.282074	-219.436493
4.750000	-590.628540	371.190399	-219.438141
4.755000	-588.505615	369.069794	-219.435822
4.760000	-586.523987	367.086090	-219.437897
4.765000	-584.833191	365.396545	-219.436646
4.770000	-583.570068	364.132141	-219.437927
4.775000	-582.838135	363.400177	-219.437958
4.780000	-582.729614	363.289886	-219.439728
4.785000	-583.295410	363.854584	-219.440826
4.790000	-584.509155	365.062683	-219.446472
4.795000	-586.222290	366.766724	-219.455566
4.800000	-588.203186	368.742249	-219.460938
4.805000	-590.230286	370.768188	-219.462097
4.810000	-592.141418	372.682831	-219.458588
4.815000	-593.831787	374.381287	-219.450500
4.820000	-595.238708	375.789581	-219.449127
4.825000	-596.289307	376.845459	-219.443848
4.830000	-596.943237	377.502838	-219.440399
4.835000	-597.185608	377.751892	-219.433716
4.840000	-597.065491	377.639374	-219.426117
4.845000	-596.689575	377.271240	-219.418335
4.850000	-596.194885	376.785339	-219.409546
4.855000	-595.705383	376.296417	-219.408966
4.860000	-595.259216	375.844299	-219.414917
4.865000	-594.811401	375.388336	-219.423065
4.870000	-594.283630	374.853241	-219.430389
4.875000	-593.624878	374.191711	-219.433167
4.880000	-592.847046	373.414764	-219.432281
4.885000	-592.007690	372.575745	-219.431946
4.890000	-591.168396	371.736603	-219.431793
4.895000	-590.379395	370.947296	-219.432098
4.900000	-589.681030	370.248352	-219.432678
4.905000	-589.112610	369.679443	-219.433167
4.910000	-588.708557	369.273560	-219.434998
4.915000	-588.473511	369.038757	-219.434753
4.920000	-588.382996	368.941376	-219.441620
4.925000	-588.357361	368.911255	-219.446106
4.930000	-588.316650	368.865051	-219.451599
4.935000	-588.191223	368.737061	-219.454163
4.940000	-587.948669	368.498596	-219.450073
4.945000	-587.603821	368.153778	-219.450043
4.950000	-587.172485	367.722565	-219.449921
4.955000	-586.668884	367.215363	-219.453522
4.960000	-586.077271	366.620483	-219.456787
4.965000	-585.364990	365.900879	-219.464111
4.970000	-584.477722	365.006439	-219.471283
4.975000	-583.372009	363.898041	-219.473969
4.980000	-582.057800	362.581940	-219.475861
4.985000	-580.614868	361.141602	-219.473267
4.990000	-579.204346	359.739166	-219.465179
4.995000	-578.026550	358.565491	-219.461060
