0.000000	-2.645649	6.020648	3.374999
0.005000	-2.668334	6.043332	3.374997
0.010000	-2.693048	6.068044	3.374996
0.015000	-2.719779	6.094771	3.374993
0.020000	-2.748512	6.123504	3.374991
0.025000	-2.779233	6.154220	3.374987
0.030000	-2.811913	6.186897	3.374984
0.035000	-2.846523	6.221503	3.374979
0.040000	-2.883020	6.257993	3.374974
0.045000	-2.921347	6.296313	3.374966
0.050000	-2.961431	6.336388	3.374957
0.055000	-3.003175	6.378121	3.374946
0.060000	-3.046457	6.421391	3.374933
0.065000	-3.091120	6.466036	3.374916
0.070000	-3.136961	6.511855	3.374894
0.075000	-3.183726	6.558594	3.374868
0.080000	-3.231096	6.605930	3.374834
0.085000	-3.278672	6.653466	3.374794
0.090000	-3.325956	6.700701	3.374745
0.095000	-3.372341	6.747025	3.374685
0.100000	-3.417079	6.791691	3.374612
0.105000	-3.459269	6.833794	3.374525
0.110000	-3.497829	6.872252	3.374423
0.115000	-3.531484	6.905787	3.374303
0.120000	-3.558749	6.932915	3.374165
0.125000	-3.577941	6.951953	3.374012
0.130000	-3.587203	6.961050	3.373847
0.135000	-3.584563	6.958240	3.373677
0.140000	-3.568059	6.941573	3.373514
0.145000	-3.535915	6.909290	3.373375
0.150000	-3.486804	6.860088	3.373285
0.155000	-3.420197	6.793470	3.373273
0.160000	-3.336785	6.710153	3.373368
0.165000	-3.238893	6.612494	3.373601
0.170000	-3.130850	6.504828	3.373979
0.175000	-3.019100	6.393593	3.374492
0.180000	-2.911978	6.287071	3.375093
0.185000	-2.818964	6.194663	3.375700
0.190000	-2.749470	6.125681	3.376211
0.195000	-2.711329	6.087849	3.376520
0.200000	-2.709306	6.085869	3.376563
0.205000	-2.744119	6.120443	3.376324
0.210000	-2.812230	6.188086	3.375855
0.215000	-2.906533	6.281775	3.375242
0.220000	-3.017642	6.392232	3.374589
0.225000	-3.135467	6.509461	3.373994
0.230000	-3.250606	6.624126	3.373520
0.235000	-3.355330	6.728528	3.373198
0.240000	-3.444066	6.817090	3.373024
0.245000	-3.513427	6.886412	3.372986
0.250000	-3.561994	6.935043	3.373049
0.255000	-3.589923	6.963110	3.373188
0.260000	-3.598542	6.971917	3.373375
0.265000	-3.589993	6.963583	3.373591
0.270000	-3.566926	6.940748	3.373821
0.275000	-3.532280	6.906335	3.374055
0.280000	-3.489091	6.863373	3.374281
0.285000	-3.440357	6.814850	3.374493
0.290000	-3.388906	6.763589	3.374683
0.295000	-3.337294	6.712138	3.374844
0.300000	-3.287693	6.662666	3.374974
0.305000	-3.241823	6.616888	3.375065
0.310000	-3.200887	6.576004	3.375117
0.315000	-3.165547	6.540680	3.375133
0.320000	-3.135944	6.511061	3.375117
0.325000	-3.111753	6.486827	3.375074
0.330000	-3.092267	6.467278	3.375011
0.335000	-3.076506	6.451443	3.374937
0.340000	-3.063330	6.438191	3.374861
0.345000	-3.051558	6.426345	3.374787
0.350000	-3.040051	6.414773	3.374723
0.355000	-3.027793	6.402463	3.374670
0.360000	-3.013936	6.388566	3.374630
0.365000	-2.997821	6.372426	3.374605
0.370000	-2.978985	6.353577	3.374591
0.375000	-2.957148	6.331735	3.374588
0.380000	-2.932188	6.306781	3.374594
0.385000	-2.904117	6.278725	3.374608
0.390000	-2.873056	6.247682	3.374626
0.395000	-2.839200	6.213847	3.374647
0.400000	-2.802797	6.177468	3.374671
0.405000	-2.764128	6.138823	3.374695
0.410000	-2.723488	6.098207	3.374719
0.415000	-2.681173	6.055915	3.374742
0.420000	-2.637473	6.012237	3.374764
0.425000	-2.592660	5.967445	3.374784
0.430000	-2.546991	5.921794	3.374803
0.435000	-2.500696	5.875517	3.374821
0.440000	-2.453986	5.828823	3.374836
0.445000	-2.407049	5.781899	3.374850
0.450000	-2.360049	5.734911	3.374862
0.455000	-2.313131	5.688003	3.374872
0.460000	-2.266420	5.641301	3.374881
0.465000	-2.220023	5.594912	3.374889
0.470000	-2.174032	5.548927	3.374896
0.475000	-2.128523	5.503425	3.374902
0.480000	-2.083563	5.458470	3.374907
0.485000	-2.039205	5.414116	3.374911
0.490000	-1.995492	5.370408	3.374916
0.495000	-1.952462	5.327381	3.374919
0.500000	-1.910141	5.285063	3.374922
0.505000	-1.868552	5.243476	3.374924
0.510000	-1.827712	5.202637	3.374926
0.515000	-1.787631	5.162559	3.374927
0.520000	-1.748319	5.123248	3.374929
0.525000	-1.709780	5.084711	3.374930
0.530000	-1.672016	5.046947	3.374931
0.535000	-1.635026	5.009958	3.374932
0.540000	-1.598807	4.973739	3.374933
0.545000	-1.563354	4.938287	3.374933
0.550000	-1.528663	4.903596	3.374933
0.555000	-1.494726	4.869659	3.374933
0.560000	-1.461535	4.836468	3.374933
0.565000	-1.429081	4.804014	3.374933
0.570000	-1.397354	4.772287	3.374933
0.575000	-1.366345	4.741279	3.374933
0.580000	-1.336044	4.710977	3.374932
0.585000	-1.306439	4.681371	3.374932
0.590000	-1.277520	4.652452	3.374932
0.595000	-1.249275	4.624207	3.374932
0.600000	-1.221694	4.596625	3.374931
0.605000	-1.194764	4.569695	3.374930
0.610000	-1.168475	4.543406	3.374930
0.615000	-1.142815	4.517745	3.374929
0.620000	-1.117774	4.492702	3.374929
0.625000	-1.093338	4.468267	3.374929
0.630000	-1.069498	4.444426	3.374928
0.635000	-1.046243	4.421170	3.374927
0.640000	-1.023560	4.398487	3.374927
0.645000	-1.001440	4.376366	3.374926
0.650000	-0.979871	4.354797	3.374926
0.655000	-0.958844	4.333769	3.374926
0.660000	-0.938347	4.313272	3.374925
0.665000	-0.918370	4.293294	3.374924
0.670000	-0.898903	4.273827	3.374924
0.675000	-0.879935	4.254858	3.374923
0.680000	-0.861458	4.236381	3.374923
0.685000	-0.843461	4.218383	3.374923
0.690000	-0.825934	4.200856	3.374922
0.695000	-0.808869	4.183790	3.374921
0.700000	-0.792255	4.167176	3.374921
0.705000	-0.776084	4.151005	3.374920
0.710000	-0.760347	4.135267	3.374919
0.715000	-0.745035	4.119954	3.374919
0.720000	-0.730140	4.105058	3.374918
0.725000	-0.715652	4.090569	3.374917
0.730000	-0.701563	4.076480	3.374917
0.735000	-0.687866	4.062783	3.374917
0.740000	-0.674553	4.049469	3.374916
0.745000	-0.661614	4.036530	3.374916
0.750000	-0.649044	4.023959	3.374915
0.755000	-0.636834	4.011748	3.374915
0.760000	-0.624976	3.999890	3.374914
0.765000	-0.613465	3.988379	3.374914
0.770000	-0.602291	3.977205	3.374914
0.775000	-0.591450	3.966363	3.374913
0.780000	-0.580933	3.955846	3.374912
0.785000	-0.570735	3.945647	3.374912
0.790000	-0.560848	3.935759	3.374912
0.795000	-0.551266	3.926177	3.374911
0.800000	-0.541984	3.916894	3.374911
0.805000	-0.532994	3.907904	3.374910
0.810000	-0.524292	3.899202	3.374910
0.815000	-0.515872	3.890781	3.374909
0.820000	-0.507727	3.882635	3.374909
0.825000	-0.499852	3.874760	3.374908
0.830000	-0.492243	3.867151	3.374908
0.835000	-0.484893	3.859800	3.374907
0.840000	-0.477798	3.852705	3.374907
0.845000	-0.470953	3.845860	3.374907
0.850000	-0.464353	3.839259	3.374907
0.855000	-0.457993	3.832900	3.374906
0.860000	-0.451870	3.826776	3.374906
0.865000	-0.445978	3.820883	3.374905
0.870000	-0.440313	3.815218	3.374905
0.875000	-0.434872	3.809777	3.374905
0.880000	-0.429650	3.804554	3.374904
0.885000	-0.424643	3.799547	3.374904
0.890000	-0.419849	3.794752	3.374903
0.895000	-0.415263	3.790166	3.374904
0.900000	-0.410881	3.785784	3.374903
0.905000	-0.406701	3.781605	3.374903
0.910000	-0.402720	3.777623	3.374903
0.915000	-0.398935	3.773837	3.374902
0.920000	-0.395342	3.770244	3.374902
0.925000	-0.391939	3.766841	3.374902
0.930000	-0.388723	3.763624	3.374902
0.935000	-0.385692	3.760594	3.374902
0.940000	-0.382844	3.757745	3.374902
0.945000	-0.380176	3.755077	3.374901
0.950000	-0.377686	3.752587	3.374901
0.955000	-0.375373	3.750274	3.374901
0.960000	-0.373234	3.748135	3.374901
0.965000	-0.371269	3.746169	3.374900
0.970000	-0.369475	3.744375	3.374901
0.975000	-0.367851	3.742751	3.374900
0.980000	-0.366396	3.741296	3.374900
0.985000	-0.365109	3.740010	3.374900
0.990000	-0.363990	3.738890	3.374900
0.995000	-0.363036	3.737936	3.374900
1.000000	-0.362249	3.737149	3.374900
1.005000	-0.361626	3.736526	3.374900
1.010000	-0.361169	3.736069	3.374900
1.015000	-0.360877	3.735776	3.374900
1.020000	-0.360749	3.735649	3.374900
1.025000	-0.360787	3.735687	3.374900
1.030000	-0.360990	3.735890	3.374900
1.035000	-0.361360	3.736259	3.374900
1.040000	-0.361896	3.736796	3.374900
1.045000	-0.362600	3.737500	3.374900
1.050000	-0.363473	3.738373	3.374900
1.055000	-0.364516	3.739416	3.374900
1.060000	-0.365730	3.740631	3.374900
1.065000	-0.367119	3.742019	3.374900
1.070000	-0.368682	3.743583	3.374900
1.075000	-0.370423	3.745324	3.374901
1.080000	-0.372344	3.747245	3.374901
1.085000	-0.374448	3.749349	3.374901
1.090000	-0.376736	3.751638	3.374901
1.095000	-0.379214	3.754115	3.374901
1.100000	-0.381883	3.756784	3.374902
1.105000	-0.384747	3.759649	3.374902
1.110000	-0.387810	3.762713	3.374902
1.115000	-0.391078	3.765980	3.374902
1.120000	-0.394553	3.769455	3.374903
1.125000	-0.398241	3.773144	3.374903
1.130000	-0.402146	3.777050	3.374904
1.135000	-0.406276	3.781179	3.374904
1.140000	-0.410634	3.785538	3.374904
1.145000	-0.415228	3.790132	3.374904
1.150000	-0.420063	3.794968	3.374905
1.155000	-0.425147	3.800053	3.374906
1.160000	-0.430487	3.805393	3.374906
1.165000	-0.436091	3.810997	3.374906
1.170000	-0.441967	3.816874	3.374907
1.175000	-0.448123	3.823030	3.374907
1.180000	-0.454569	3.829477	3.374908
1.185000	-0.461314	3.836222	3.374909
1.190000	-0.468367	3.843277	3.374910
1.195000	-0.475739	3.850649	3.374910
1.200000	-0.483441	3.858352	3.374911
1.205000	-0.491485	3.866397	3.374912
1.210000	-0.499882	3.874794	3.374912
1.215000	-0.508643	3.883556	3.374913
1.220000	-0.517782	3.892696	3.374914
1.225000	-0.527312	3.902226	3.374914
1.230000	-0.537245	3.912160	3.374915
1.235000	-0.547596	3.922512	3.374917
1.240000	-0.558377	3.933295	3.374917
1.245000	-0.569604	3.944522	3.374918
1.250000	-0.581289	3.956208	3.374919
1.255000	-0.593445	3.968365	3.374920
1.260000	-0.606087	3.981008	3.374920
1.265000	-0.619227	3.994148	3.374921
1.270000	-0.632875	4.007797	3.374922
1.275000	-0.647043	4.021965	3.374922
1.280000	-0.661739	4.036660	3.374922
1.285000	-0.676967	4.051888	3.374922
1.290000	-0.692732	4.067653	3.374922
1.295000	-0.709031	4.083951	3.374920
1.300000	-0.725860	4.100780	3.374920
1.305000	-0.743206	4.118123	3.374917
1.310000	-0.761048	4.135962	3.374914
1.315000	-0.779359	4.154270	3.374911
1.320000	-0.798096	4.173003	3.374907
1.325000	-0.817206	4.192107	3.374901
1.330000	-0.836617	4.211509	3.374892
1.335000	-0.856235	4.231118	3.374883
1.340000	-0.875945	4.250816	3.374871
1.345000	-0.895598	4.270455	3.374857
1.350000	-0.915014	4.289852	3.374839
1.355000	-0.933966	4.308783	3.374817
1.360000	-0.952184	4.326975	3.374791
1.365000	-0.969338	4.344096	3.374759
1.370000	-0.985030	4.359752	3.374722
1.375000	-0.998793	4.373470	3.374677
1.380000	-1.010075	4.384700	3.374625
1.385000	-1.018233	4.392798	3.374565
1.390000	-1.022533	4.397031	3.374497
1.395000	-1.022149	4.396570	3.374421
1.400000	-1.016167	4.390505	3.374338
1.405000	-1.003613	4.377863	3.374250
1.410000	-0.983482	4.357642	3.374161
1.415000	-0.954796	4.328871	3.374075
1.420000	-0.916693	4.290693	3.374000
1.425000	-0.868531	4.242478	3.373947
1.430000	-0.810041	4.183967	3.373926
1.435000	-0.741492	4.115443	3.373951
1.440000	-0.663875	4.037906	3.374031
1.445000	-0.579063	3.953242	3.374179
1.450000	-0.489930	3.864323	3.374394
1.455000	-0.400340	3.775011	3.374671
1.460000	-0.315016	3.690001	3.374986
1.465000	-0.239186	3.614493	3.375307
1.470000	-0.178079	3.553676	3.375596
1.475000	-0.136301	3.512108	3.375807
1.480000	-0.117186	3.493091	3.375905
1.485000	-0.122296	3.498172	3.375876
1.490000	-0.151177	3.526901	3.375724
1.495000	-0.201426	3.576901	3.375476
1.500000	-0.269073	3.644240	3.375167
1.505000	-0.349150	3.723995	3.374845
1.510000	-0.436358	3.810901	3.374542
1.515000	-0.525638	3.899930	3.374292
1.520000	-0.612621	3.986727	3.374105
1.525000	-0.693873	4.067861	3.373988
1.530000	-0.766975	4.140908	3.373933
1.535000	-0.830464	4.204394	3.373930
1.540000	-0.883691	4.257658	3.373968
1.545000	-0.926650	4.300683	3.374032
1.550000	-0.959797	4.333910	3.374113
1.555000	-0.983885	4.358087	3.374201
1.560000	-0.999842	4.374133	3.374291
1.565000	-1.008664	4.383040	3.374376
1.570000	-1.011348	4.385805	3.374456
1.575000	-1.008845	4.383374	3.374529
1.580000	-1.002030	4.376623	3.374593
1.585000	-0.991689	4.366339	3.374650
1.590000	-0.978515	4.353213	3.374698
1.595000	-0.963107	4.337846	3.374739
1.600000	-0.945980	4.320754	3.374774
1.605000	-0.927569	4.302372	3.374804
1.610000	-0.908238	4.283065	3.374827
1.615000	-0.888291	4.263138	3.374848
1.620000	-0.867976	4.242840	3.374864
1.625000	-0.847499	4.222376	3.374877
1.630000	-0.827023	4.201911	3.374888
1.635000	-0.806683	4.181580	3.374897
1.640000	-0.786582	4.161486	3.374904
1.645000	-0.766804	4.141713	3.374909
1.650000	-0.747411	4.122324	3.374913
1.655000	-0.728452	4.103368	3.374916
1.660000	-0.709960	4.084878	3.374918
1.665000	-0.691960	4.066880	3.374920
1.670000	-0.674468	4.049389	3.374921
1.675000	-0.657492	4.032413	3.374921
1.680000	-0.641036	4.015958	3.374922
1.685000	-0.625098	4.000020	3.374921
1.690000	-0.609673	3.984594	3.374921
1.695000	-0.594754	3.969675	3.374921
1.700000	-0.580330	3.955251	3.374920
1.705000	-0.566391	3.941310	3.374919
1.710000	-0.552923	3.927842	3.374919
1.715000	-0.539914	3.914832	3.374918
1.720000	-0.527349	3.902266	3.374917
1.725000	-0.515214	3.890130	3.374916
1.730000	-0.503493	3.878409	3.374915
1.735000	-0.492174	3.867089	3.374914
1.740000	-0.481242	3.856154	3.374913
1.745000	-0.470681	3.845593	3.374912
1.750000	-0.460479	3.835389	3.374911
1.755000	-0.450621	3.825531	3.374910
1.760000	-0.441094	3.816004	3.374909
1.765000	-0.431887	3.806795	3.374908
1.770000	-0.422985	3.797892	3.374907
1.775000	-0.414377	3.789284	3.374906
1.780000	-0.406052	3.780958	3.374906
1.785000	-0.397999	3.772904	3.374905
1.790000	-0.390206	3.765110	3.374904
1.795000	-0.382663	3.757567	3.374904
1.800000	-0.375361	3.750264	3.374903
1.805000	-0.368290	3.743193	3.374902
1.810000	-0.361442	3.736343	3.374902
1.815000	-0.354806	3.729707	3.374901
1.820000	-0.348375	3.723276	3.374901
1.825000	-0.342142	3.717042	3.374900
1.830000	-0.336098	3.710998	3.374900
1.835000	-0.330237	3.705136	3.374899
1.840000	-0.324550	3.699449	3.374898
1.845000	-0.319032	3.693930	3.374898
1.850000	-0.313676	3.688574	3.374898
1.855000	-0.308476	3.683374	3.374897
1.860000	-0.303427	3.678324	3.374897
1.865000	-0.298522	3.673419	3.374896
1.870000	-0.293757	3.668653	3.374896
1.875000	-0.289126	3.664021	3.374896
1.880000	-0.284624	3.659519	3.374896
1.885000	-0.280247	3.655142	3.374895
1.890000	-0.275990	3.650884	3.374895
1.895000	-0.271849	3.646743	3.374894
1.900000	-0.267820	3.642714	3.374894
1.905000	-0.263899	3.638793	3.374894
1.910000	-0.260082	3.634975	3.374893
1.915000	-0.256366	3.631259	3.374893
1.920000	-0.252747	3.627640	3.374893
1.925000	-0.249221	3.624114	3.374893
1.930000	-0.245787	3.620680	3.374893
1.935000	-0.242440	3.617333	3.374893
1.940000	-0.239178	3.614070	3.374892
1.945000	-0.235998	3.610890	3.374892
1.950000	-0.232897	3.607789	3.374892
1.955000	-0.229872	3.604764	3.374892
1.960000	-0.226922	3.601814	3.374892
1.965000	-0.224044	3.598936	3.374892
1.970000	-0.221235	3.596127	3.374891
1.975000	-0.218494	3.593386	3.374892
1.980000	-0.215818	3.590709	3.374891
1.985000	-0.213205	3.588097	3.374892
1.990000	-0.210654	3.585545	3.374892
1.995000	-0.208162	3.583053	3.374891
2.000000	-0.205727	3.580619	3.374891
2.005000	-0.203349	3.578240	3.374891
2.010000	-0.201025	3.575916	3.374891
2.015000	-0.198753	3.573644	3.374891
2.020000	-0.196532	3.571423	3.374891
2.025000	-0.194361	3.569252	3.374891
2.030000	-0.192239	3.567129	3.374891
2.035000	-0.190163	3.565053	3.374891
2.040000	-0.188132	3.563022	3.374890
2.045000	-0.186145	3.561036	3.374890
2.050000	-0.184202	3.559093	3.374891
2.055000	-0.182300	3.557191	3.374890
2.060000	-0.180439	3.555329	3.374890
2.065000	-0.178617	3.553507	3.374890
2.070000	-0.176834	3.551724	3.374890
2.075000	-0.175088	3.549978	3.374890
2.080000	-0.173379	3.548268	3.374890
2.085000	-0.171704	3.546594	3.374890
2.090000	-0.170064	3.544955	3.374890
2.095000	-0.168458	3.543348	3.374890
2.100000	-0.166885	3.541775	3.374890
2.105000	-0.165343	3.540233	3.374890
2.110000	-0.163832	3.538722	3.374890
2.115000	-0.162352	3.537242	3.374890
2.120000	-0.160901	3.535791	3.374890
2.125000	-0.159478	3.534368	3.374890
2.130000	-0.158084	3.532974	3.374890
2.135000	-0.156717	3.531607	3.374890
2.140000	-0.155377	3.530267	3.374890
2.145000	-0.154062	3.528952	3.374890
2.150000	-0.152773	3.527663	3.374890
2.155000	-0.151509	3.526399	3.374890
2.160000	-0.150269	3.525159	3.374890
2.165000	-0.149053	3.523942	3.374889
2.170000	-0.147859	3.522748	3.374889
2.175000	-0.146688	3.521578	3.374890
2.180000	-0.145539	3.520429	3.374889
2.185000	-0.144412	3.519301	3.374889
2.190000	-0.143305	3.518194	3.374889
2.195000	-0.142219	3.517109	3.374890
2.200000	-0.141153	3.516042	3.374889
2.205000	-0.140107	3.514996	3.374889
2.210000	-0.139080	3.513969	3.374889
2.215000	-0.138071	3.512960	3.374889
2.220000	-0.137081	3.511970	3.374889
2.225000	-0.136109	3.510998	3.374889
2.230000	-0.135154	3.510044	3.374889
2.235000	-0.134217	3.509106	3.374889
2.240000	-0.133296	3.508186	3.374889
2.245000	-0.132392	3.507282	3.374889
2.250000	-0.131504	3.506393	3.374889
2.255000	-0.130632	3.505521	3.374889
2.260000	-0.129775	3.504664	3.374889
2.265000	-0.128933	3.503823	3.374889
2.270000	-0.128107	3.502996	3.374889
2.275000	-0.127294	3.502184	3.374889
2.280000	-0.126496	3.501386	3.374889
2.285000	-0.125712	3.500602	3.374889
2.290000	-0.124942	3.499831	3.374889
2.295000	-0.124185	3.499074	3.374889
2.300000	-0.123441	3.498330	3.374889
2.305000	-0.122710	3.497599	3.374889
2.310000	-0.121992	3.496881	3.374889
2.315000	-0.121286	3.496175	3.374889
2.320000	-0.120593	3.495482	3.374889
2.325000	-0.119911	3.494800	3.374889
2.330000	-0.119241	3.494130	3.374889
2.335000	-0.118583	3.493471	3.374889
2.340000	-0.117935	3.492825	3.374889
2.345000	-0.117299	3.492188	3.374889
2.350000	-0.116674	3.491563	3.374889
2.355000	-0.116060	3.490949	3.374889
2.360000	-0.115456	3.490345	3.374889
2.365000	-0.114862	3.489752	3.374889
2.370000	-0.114279	3.489168	3.374889
2.375000	-0.113706	3.488595	3.374889
2.380000	-0.113142	3.488031	3.374889
2.385000	-0.112588	3.487477	3.374889
2.390000	-0.112043	3.486933	3.374889
2.395000	-0.111508	3.486398	3.374889
2.400000	-0.110982	3.485871	3.374889
2.405000	-0.110465	3.485354	3.374889
2.410000	-0.109957	3.484846	3.374889
2.415000	-0.109458	3.484347	3.374889
2.420000	-0.108967	3.483856	3.374889
2.425000	-0.108485	3.483374	3.374889
2.430000	-0.108011	3.482900	3.374889
2.435000	-0.107545	3.482434	3.374889
2.440000	-0.107087	3.481976	3.374889
2.445000	-0.106637	3.481526	3.374889
2.450000	-0.106195	3.481084	3.374889
2.455000	-0.105761	3.480650	3.374889
2.460000	-0.105334	3.480223	3.374889
2.465000	-0.104915	3.479804	3.374889
2.470000	-0.104503	3.479392	3.374889
2.475000	-0.104098	3.478987	3.374889
2.480000	-0.103701	3.478590	3.374889
2.485000	-0.103310	3.478199	3.374889
2.490000	-0.102927	3.477816	3.374889
2.495000	-0.102550	3.477439	3.374889
2.500000	-0.102180	3.477069	3.374889
2.505000	-0.101817	3.476706	3.374889
2.510000	-0.101460	3.476350	3.374889
2.515000	-0.101110	3.476000	3.374889
2.520000	-0.100767	3.475656	3.374889
2.525000	-0.100429	3.475318	3.374889
2.530000	-0.100098	3.474987	3.374889
2.535000	-0.099773	3.474662	3.374889
2.540000	-0.099454	3.474343	3.374889
2.545000	-0.099141	3.474030	3.374889
2.550000	-0.098834	3.473723	3.374889
2.555000	-0.098533	3.473422	3.374889
2.560000	-0.098238	3.473127	3.374889
2.565000	-0.097948	3.472837	3.374889
2.570000	-0.097664	3.472553	3.374889
2.575000	-0.097386	3.472275	3.374889
2.580000	-0.097113	3.472003	3.374889
2.585000	-0.096846	3.471735	3.374889
2.590000	-0.096584	3.471473	3.374889
2.595000	-0.096327	3.471216	3.374889
2.600000	-0.096076	3.470965	3.374889
2.605000	-0.095830	3.470719	3.374889
2.610000	-0.095589	3.470478	3.374889
2.615000	-0.095353	3.470243	3.374889
2.620000	-0.095123	3.470012	3.374889
2.625000	-0.094897	3.469786	3.374889
2.630000	-0.094676	3.469565	3.374889
2.635000	-0.094461	3.469350	3.374889
2.640000	-0.094250	3.469139	3.374889
2.645000	-0.094044	3.468933	3.374889
2.650000	-0.093843	3.468732	3.374889
2.655000	-0.093646	3.468535	3.374889
2.660000	-0.093454	3.468343	3.374889
2.665000	-0.093267	3.468156	3.374889
2.670000	-0.093085	3.467974	3.374889
2.675000	-0.092907	3.467796	3.374889
2.680000	-0.092734	3.467623	3.374889
2.685000	-0.092565	3.467454	3.374889
2.690000	-0.092400	3.467289	3.374889
2.695000	-0.092241	3.467129	3.374889
2.700000	-0.092085	3.466974	3.374889
2.705000	-0.091934	3.466823	3.374889
2.710000	-0.091787	3.466676	3.374889
2.715000	-0.091645	3.466534	3.374889
2.720000	-0.091507	3.466396	3.374889
2.725000	-0.091373	3.466262	3.374889
2.730000	-0.091243	3.466132	3.374889
2.735000	-0.091118	3.466007	3.374889
2.740000	-0.090997	3.465885	3.374888
2.745000	-0.090880	3.465768	3.374889
2.750000	-0.090767	3.465655	3.374888
2.755000	-0.090658	3.465546	3.374889
2.760000	-0.090553	3.465441	3.374888
2.765000	-0.090452	3.465341	3.374888
2.770000	-0.090356	3.465244	3.374889
2.775000	-0.090263	3.465152	3.374889
2.780000	-0.090175	3.465063	3.374889
2.785000	-0.090090	3.464979	3.374889
2.790000	-0.090009	3.464898	3.374889
2.795000	-0.089933	3.464822	3.374889
2.800000	-0.089860	3.464749	3.374889
2.805000	-0.089791	3.464680	3.374889
2.810000	-0.089727	3.464615	3.374889
2.815000	-0.089666	3.464554	3.374889
2.820000	-0.089609	3.464498	3.374889
2.825000	-0.089556	3.464444	3.374889
2.830000	-0.089506	3.464395	3.374889
2.835000	-0.089461	3.464350	3.374889
2.840000	-0.089419	3.464308	3.374889
2.845000	-0.089382	3.464271	3.374889
2.850000	-0.089348	3.464237	3.374889
2.855000	-0.089318	3.464206	3.374889
2.860000	-0.089291	3.464180	3.374889
2.865000	-0.089269	3.464158	3.374889
2.870000	-0.089251	3.464139	3.374889
2.875000	-0.089236	3.464124	3.374889
2.880000	-0.089225	3.464114	3.374889
2.885000	-0.089218	3.464107	3.374889
2.890000	-0.089214	3.464103	3.374889
2.895000	-0.089215	3.464104	3.374889
2.900000	-0.089219	3.464108	3.374889
2.905000	-0.089227	3.464116	3.374889
2.910000	-0.089239	3.464128	3.374889
2.915000	-0.089255	3.464144	3.374889
2.920000	-0.089275	3.464164	3.374889
2.925000	-0.089298	3.464187	3.374889
2.930000	-0.089325	3.464214	3.374889
2.935000	-0.089356	3.464246	3.374889
2.940000	-0.089391	3.464280	3.374889
2.945000	-0.089430	3.464319	3.374889
2.950000	-0.089473	3.464362	3.374889
2.955000	-0.089519	3.464408	3.374889
2.960000	-0.089569	3.464458	3.374889
2.965000	-0.089624	3.464513	3.374889
2.970000	-0.089682	3.464571	3.374889
2.975000	-0.089744	3.464633	3.374889
2.980000	-0.089810	3.464699	3.374889
2.985000	-0.089879	3.464769	3.374889
2.990000	-0.089953	3.464843	3.374889
2.995000	-0.090031	3.464921	3.374889
3.000000	-0.090113	3.465002	3.374889
3.005000	-0.090199	3.465088	3.374889
3.010000	-0.090288	3.465178	3.374889
3.015000	-0.090382	3.465271	3.374889
3.020000	-0.090480	3.465369	3.374889
3.025000	-0.090582	3.465471	3.374889
3.030000	-0.090688	3.465577	3.374889
3.035000	-0.090798	3.465687	3.374889
3.040000	-0.090912	3.465801	3.374889
3.045000	-0.091030	3.465919	3.374889
3.050000	-0.091153	3.466042	3.374889
3.055000	-0.091280	3.466168	3.374889
3.060000	-0.091410	3.466299	3.374889
3.065000	-0.091546	3.466434	3.374889
3.070000	-0.091685	3.466574	3.374889
3.075000	-0.091829	3.466718	3.374889
3.080000	-0.091977	3.466866	3.374889
3.085000	-0.092129	3.467019	3.374889
3.090000	-0.092286	3.467175	3.374889
3.095000	-0.092448	3.467337	3.374889
3.100000	-0.092613	3.467503	3.374889
3.105000	-0.092784	3.467673	3.374889
3.110000	-0.092958	3.467848	3.374890
3.115000	-0.093138	3.468027	3.374890
3.120000	-0.093322	3.468211	3.374890
3.125000	-0.093511	3.468400	3.374890
3.130000	-0.093704	3.468593	3.374890
3.135000	-0.093902	3.468791	3.374890
3.140000	-0.094105	3.468994	3.374889
3.145000	-0.094312	3.469202	3.374890
3.150000	-0.094525	3.469414	3.374890
3.155000	-0.094742	3.469632	3.374889
3.160000	-0.094965	3.469855	3.374890
3.165000	-0.095192	3.470082	3.374890
3.170000	-0.095425	3.470314	3.374890
3.175000	-0.095662	3.470552	3.374890
3.180000	-0.095905	3.470795	3.374890
3.185000	-0.096153	3.471043	3.374890
3.190000	-0.096406	3.471296	3.374890
3.195000	-0.096665	3.471555	3.374890
3.200000	-0.096929	3.471819	3.374890
3.205000	-0.097198	3.472088	3.374890
3.210000	-0.097473	3.472363	3.374889
3.215000	-0.097754	3.472643	3.374889
3.220000	-0.098040	3.472930	3.374889
3.225000	-0.098332	3.473222	3.374889
3.230000	-0.098630	3.473519	3.374889
3.235000	-0.098933	3.473823	3.374889
3.240000	-0.099243	3.474132	3.374889
3.245000	-0.099558	3.474448	3.374889
3.250000	-0.099880	3.474769	3.374889
3.255000	-0.100207	3.475097	3.374889
3.260000	-0.100541	3.475431	3.374889
3.265000	-0.100881	3.475771	3.374889
3.270000	-0.101228	3.476118	3.374890
3.275000	-0.101581	3.476470	3.374889
3.280000	-0.101941	3.476830	3.374890
3.285000	-0.102307	3.477196	3.374890
3.290000	-0.102680	3.477570	3.374890
3.295000	-0.103060	3.477950	3.374890
3.300000	-0.103447	3.478336	3.374889
3.305000	-0.103840	3.478730	3.374890
3.310000	-0.104241	3.479131	3.374890
3.315000	-0.104650	3.479539	3.374890
3.320000	-0.105065	3.479955	3.374890
3.325000	-0.105488	3.480378	3.374890
3.330000	-0.105919	3.480808	3.374890
3.335000	-0.106357	3.481247	3.374890
3.340000	-0.106803	3.481693	3.374890
3.345000	-0.107257	3.482147	3.374890
3.350000	-0.107719	3.482609	3.374890
3.355000	-0.108189	3.483079	3.374890
3.360000	-0.108667	3.483557	3.374890
3.365000	-0.109154	3.484044	3.374890
3.370000	-0.109650	3.484540	3.374890
3.375000	-0.110154	3.485044	3.374890
3.380000	-0.110667	3.485557	3.374890
3.385000	-0.111189	3.486079	3.374890
3.390000	-0.111720	3.486610	3.374890
3.395000	-0.112261	3.487151	3.374890
3.400000	-0.112811	3.487700	3.374889
3.405000	-0.113371	3.488260	3.374889
3.410000	-0.113940	3.488830	3.374889
3.415000	-0.114520	3.489409	3.374890
3.420000	-0.115109	3.489999	3.374890
3.425000	-0.115709	3.490598	3.374889
3.430000	-0.116319	3.491209	3.374889
3.435000	-0.116941	3.491830	3.374889
3.440000	-0.117573	3.492462	3.374889
3.445000	-0.118216	3.493105	3.374889
3.450000	-0.118871	3.493760	3.374889
3.455000	-0.119537	3.494426	3.374889
3.460000	-0.120214	3.495103	3.374889
3.465000	-0.120904	3.495793	3.374889
3.470000	-0.121606	3.496495	3.374890
3.475000	-0.122320	3.497210	3.374890
3.480000	-0.123047	3.497937	3.374890
3.485000	-0.123787	3.498677	3.374890
3.490000	-0.124540	3.499430	3.374890
3.495000	-0.125307	3.500197	3.374890
3.500000	-0.126087	3.500977	3.374890
3.505000	-0.126882	3.501772	3.374891
3.510000	-0.127690	3.502581	3.374891
3.515000	-0.128513	3.503404	3.374891
3.520000	-0.129351	3.504242	3.374890
3.525000	-0.130205	3.505095	3.374891
3.530000	-0.131073	3.505964	3.374891
3.535000	-0.131958	3.506849	3.374891
3.540000	-0.132859	3.507749	3.374891
3.545000	-0.133776	3.508667	3.374891
3.550000	-0.134710	3.509601	3.374891
3.555000	-0.135662	3.510553	3.374891
3.560000	-0.136631	3.511522	3.374891
3.565000	-0.137618	3.512509	3.374891
3.570000	-0.138623	3.513514	3.374891
3.575000	-0.139648	3.514539	3.374891
3.580000	-0.140691	3.515582	3.374891
3.585000	-0.141755	3.516646	3.374891
3.590000	-0.142838	3.517729	3.374891
3.595000	-0.143942	3.518833	3.374891
3.600000	-0.145067	3.519958	3.374891
3.605000	-0.146214	3.521105	3.374891
3.610000	-0.147383	3.522274	3.374891
3.615000	-0.148575	3.523466	3.374891
3.620000	-0.149790	3.524681	3.374891
3.625000	-0.151028	3.525919	3.374891
3.630000	-0.152291	3.527182	3.374891
3.635000	-0.153579	3.528471	3.374891
3.640000	-0.154893	3.529784	3.374891
3.645000	-0.156233	3.531123	3.374891
3.650000	-0.157599	3.532490	3.374891
3.655000	-0.158994	3.533885	3.374891
3.660000	-0.160416	3.535307	3.374891
3.665000	-0.161867	3.536758	3.374891
3.670000	-0.163349	3.538239	3.374891
3.675000	-0.164860	3.539751	3.374891
3.680000	-0.166403	3.541294	3.374891
3.685000	-0.167979	3.542870	3.374891
3.690000	-0.169587	3.544478	3.374891
3.695000	-0.171229	3.546120	3.374891
3.700000	-0.172906	3.547797	3.374891
3.705000	-0.174619	3.549510	3.374891
3.710000	-0.176369	3.551260	3.374891
3.715000	-0.178156	3.553047	3.374891
3.720000	-0.179982	3.554874	3.374892
3.725000	-0.181849	3.556740	3.374891
3.730000	-0.183756	3.558648	3.374892
3.735000	-0.185706	3.560598	3.374892
3.740000	-0.187699	3.562591	3.374892
3.745000	-0.189737	3.564629	3.374892
3.750000	-0.191822	3.566714	3.374892
3.755000	-0.193953	3.568846	3.374892
3.760000	-0.196134	3.571026	3.374893
3.765000	-0.198365	3.573257	3.374893
3.770000	-0.200647	3.575540	3.374893
3.775000	-0.202984	3.577877	3.374893
3.780000	-0.205375	3.580269	3.374893
3.785000	-0.207824	3.582717	3.374894
3.790000	-0.210331	3.585224	3.374894
3.795000	-0.212898	3.587792	3.374894
3.800000	-0.215528	3.590422	3.374894
3.805000	-0.218222	3.593117	3.374894
3.810000	-0.220983	3.595878	3.374894
3.815000	-0.223813	3.598708	3.374895
3.820000	-0.226714	3.601608	3.374895
3.825000	-0.229688	3.604582	3.374895
3.830000	-0.232737	3.607632	3.374895
3.835000	-0.235865	3.610760	3.374895
3.840000	-0.239074	3.613969	3.374895
3.845000	-0.242367	3.617262	3.374896
3.850000	-0.245746	3.620641	3.374896
3.855000	-0.249215	3.624111	3.374896
3.860000	-0.252777	3.627672	3.374896
3.865000	-0.256435	3.631330	3.374896
3.870000	-0.260192	3.635088	3.374896
3.875000	-0.264052	3.638948	3.374896
3.880000	-0.268019	3.642915	3.374897
3.885000	-0.272097	3.646994	3.374897
3.890000	-0.276289	3.651186	3.374897
3.895000	-0.280601	3.655498	3.374897
3.900000	-0.285035	3.659933	3.374897
3.905000	-0.289598	3.664496	3.374898
3.910000	-0.294294	3.669192	3.374898
3.915000	-0.299127	3.674026	3.374898
3.920000	-0.304104	3.679003	3.374899
3.925000	-0.309230	3.684129	3.374899
3.930000	-0.314510	3.689410	3.374899
3.935000	-0.319951	3.694851	3.374900
3.940000	-0.325559	3.700459	3.374900
3.945000	-0.331341	3.706241	3.374901
3.950000	-0.337303	3.712204	3.374901
3.955000	-0.343452	3.718354	3.374901
3.960000	-0.349797	3.724699	3.374902
3.965000	-0.356345	3.731248	3.374902
3.970000	-0.363105	3.738008	3.374903
3.975000	-0.370085	3.744988	3.374904
3.980000	-0.377293	3.752197	3.374904
3.985000	-0.384740	3.759645	3.374905
3.990000	-0.392436	3.767342	3.374905
3.995000	-0.400390	3.775297	3.374907
4.000000	-0.408613	3.783521	3.374907
4.005000	-0.417117	3.792025	3.374907
4.010000	-0.425913	3.800821	3.374908
4.015000	-0.435012	3.809921	3.374909
4.020000	-0.444428	3.819337	3.374910
4.025000	-0.454172	3.829082	3.374910
4.030000	-0.464258	3.839169	3.374911
4.035000	-0.474701	3.849612	3.374912
4.040000	-0.485512	3.860424	3.374912
4.045000	-0.496707	3.871620	3.374913
4.050000	-0.508300	3.883214	3.374914
4.055000	-0.520306	3.895221	3.374915
4.060000	-0.532738	3.907654	3.374916
4.065000	-0.545612	3.920528	3.374917
4.070000	-0.558940	3.933858	3.374918
4.075000	-0.572738	3.947656	3.374919
4.080000	-0.587016	3.961936	3.374919
4.085000	-0.601788	3.976707	3.374919
4.090000	-0.617062	3.991982	3.374920
4.095000	-0.632846	4.007766	3.374920
4.100000	-0.649145	4.024065	3.374920
4.105000	-0.665961	4.040880	3.374919
4.110000	-0.683290	4.058208	3.374918
4.115000	-0.701125	4.076041	3.374916
4.120000	-0.719449	4.094363	3.374914
4.125000	-0.738239	4.113150	3.374911
4.130000	-0.757460	4.132367	3.374907
4.135000	-0.777066	4.151968	3.374902
4.140000	-0.796993	4.171888	3.374895
4.145000	-0.817161	4.192047	3.374887
4.150000	-0.837464	4.212340	3.374876
4.155000	-0.857772	4.232635	3.374862
4.160000	-0.877921	4.252767	3.374846
4.165000	-0.897708	4.272534	3.374827
4.170000	-0.916886	4.291688	3.374802
4.175000	-0.935153	4.309927	3.374773
4.180000	-0.952149	4.326887	3.374738
4.185000	-0.967441	4.342138	3.374697
4.190000	-0.980518	4.355167	3.374649
4.195000	-0.990784	4.365377	3.374593
4.200000	-0.997550	4.372079	3.374529
4.205000	-1.000034	4.374491	3.374457
4.210000	-0.997364	4.371742	3.374377
4.215000	-0.988593	4.362885	3.374291
4.220000	-0.972725	4.346928	3.374202
4.225000	-0.948763	4.322875	3.374113
4.230000	-0.915774	4.289806	3.374032
4.235000	-0.872995	4.246962	3.373967
4.240000	-0.819955	4.193884	3.373929
4.245000	-0.756642	4.130570	3.373928
4.250000	-0.683669	4.057650	3.373981
4.255000	-0.602464	3.976559	3.374094
4.260000	-0.515404	3.889682	3.374278
4.265000	-0.425879	3.800406	3.374527
4.270000	-0.338224	3.713050	3.374826
4.275000	-0.257474	3.632621	3.375147
4.280000	-0.188921	3.564383	3.375462
4.285000	-0.137567	3.513282	3.375715
4.290000	-0.107432	3.483305	3.375873
4.295000	-0.100989	3.476900	3.375911
4.300000	-0.118785	3.494601	3.375817
4.305000	-0.159329	3.534943	3.375614
4.310000	-0.219357	3.594690	3.375333
4.315000	-0.294312	3.669324	3.375012
4.320000	-0.378976	3.753670	3.374695
4.325000	-0.468103	3.842522	3.374419
4.330000	-0.556953	3.931154	3.374201
4.335000	-0.641617	4.015666	3.374049
4.340000	-0.719180	4.093145	3.373966
4.345000	-0.787726	4.161666	3.373941
4.350000	-0.846234	4.220193	3.373960
4.355000	-0.894404	4.268417	3.374013
4.360000	-0.932492	4.306577	3.374085
4.365000	-0.961119	4.335290	3.374171
4.370000	-0.981145	4.355406	3.374261
4.375000	-0.993542	4.367892	3.374349
4.380000	-0.999316	4.373748	3.374433
4.385000	-0.999442	4.373951	3.374509
4.390000	-0.994836	4.369414	3.374578
4.395000	-0.986328	4.360966	3.374638
4.400000	-0.974657	4.349347	3.374690
4.405000	-0.960467	4.335201	3.374735
4.410000	-0.944313	4.319086	3.374773
4.415000	-0.926668	4.301472	3.374804
4.420000	-0.907930	4.282761	3.374831
4.425000	-0.888430	4.263283	3.374853
4.430000	-0.868444	4.243316	3.374872
4.435000	-0.848197	4.223083	3.374887
4.440000	-0.827872	4.202771	3.374898
4.445000	-0.807618	4.182526	3.374908
4.450000	-0.787551	4.162467	3.374916
4.455000	-0.767766	4.142688	3.374922
4.460000	-0.748334	4.123261	3.374927
4.465000	-0.729310	4.104241	3.374931
4.470000	-0.710735	4.085669	3.374934
4.475000	-0.692639	4.067575	3.374935
4.480000	-0.675041	4.049977	3.374936
4.485000	-0.657953	4.032890	3.374937
4.490000	-0.641379	4.016317	3.374938
4.495000	-0.625323	4.000261	3.374938
4.500000	-0.609779	3.984718	3.374938
4.505000	-0.594743	3.969681	3.374938
4.510000	-0.580205	3.955142	3.374937
4.515000	-0.566154	3.941091	3.374936
4.520000	-0.552579	3.927515	3.374936
4.525000	-0.539466	3.914401	3.374935
4.530000	-0.526802	3.901736	3.374934
4.535000	-0.514572	3.889505	3.374933
4.540000	-0.502762	3.877694	3.374932
4.545000	-0.491358	3.866289	3.374931
4.550000	-0.480345	3.855275	3.374930
4.555000	-0.469709	3.844638	3.374929
4.560000	-0.459436	3.834364	3.374928
4.565000	-0.449512	3.824439	3.374928
4.570000	-0.439924	3.814850	3.374926
4.575000	-0.430658	3.805584	3.374926
4.580000	-0.421703	3.796628	3.374925
4.585000	-0.413046	3.787970	3.374924
4.590000	-0.404675	3.779599	3.374924
4.595000	-0.396579	3.771502	3.374923
4.600000	-0.388748	3.763670	3.374922
4.605000	-0.381169	3.756092	3.374922
4.610000	-0.373835	3.748757	3.374922
4.615000	-0.366734	3.741656	3.374921
4.620000	-0.359859	3.734780	3.374921
4.625000	-0.353200	3.728120	3.374920
4.630000	-0.346748	3.721668	3.374919
4.635000	-0.340496	3.715415	3.374919
4.640000	-0.334435	3.709353	3.374918
4.645000	-0.328559	3.703477	3.374918
4.650000	-0.322860	3.697777	3.374917
4.655000	-0.317331	3.692248	3.374917
4.660000	-0.311966	3.686882	3.374916
4.665000	-0.306759	3.681674	3.374916
4.670000	-0.301703	3.676619	3.374915
4.675000	-0.296794	3.671709	3.374915
4.680000	-0.292025	3.666940	3.374915
4.685000	-0.287392	3.662307	3.374915
4.690000	-0.282890	3.657804	3.374915
4.695000	-0.278513	3.653427	3.374914
4.700000	-0.274258	3.649172	3.374914
4.705000	-0.270119	3.645033	3.374914
4.710000	-0.266093	3.641007	3.374914
4.715000	-0.262177	3.637090	3.374914
4.720000	-0.258365	3.633278	3.374913
4.725000	-0.254655	3.629568	3.374913
4.730000	-0.251042	3.625955	3.374913
4.735000	-0.247524	3.622437	3.374913
4.740000	-0.244097	3.619010	3.374913
4.745000	-0.240758	3.615671	3.374913
4.750000	-0.237505	3.612417	3.374913
4.755000	-0.234334	3.609246	3.374913
4.760000	-0.231243	3.606155	3.374912
4.765000	-0.228228	3.603141	3.374912
4.770000	-0.225289	3.600201	3.374912
4.775000	-0.222421	3.597333	3.374912
4.780000	-0.219624	3.594536	3.374912
4.785000	-0.216894	3.591805	3.374912
4.790000	-0.214229	3.589141	3.374912
4.795000	-0.211628	3.586540	3.374912
4.800000	-0.209089	3.584001	3.374912
4.805000	-0.206609	3.581521	3.374912
4.810000	-0.204187	3.579098	3.374912
4.815000	-0.201821	3.576733	3.374912
4.820000	-0.199510	3.574421	3.374912
4.825000	-0.197250	3.572162	3.374912
4.830000	-0.195043	3.569954	3.374912
4.835000	-0.192885	3.567796	3.374912
4.840000	-0.190775	3.565687	3.374912
4.845000	-0.188712	3.563624	3.374912
4.850000	-0.186694	3.561606	3.374912
4.855000	-0.184721	3.559633	3.374912
4.860000	-0.182791	3.557703	3.374912
4.865000	-0.180902	3.555814	3.374912
4.870000	-0.179054	3.553966	3.374912
4.875000	-0.177246	3.552157	3.374912
4.880000	-0.175476	3.550387	3.374911
4.885000	-0.173743	3.548654	3.374911
4.890000	-0.172046	3.546957	3.374911
4.895000	-0.170385	3.545296	3.374911
4.900000	-0.168758	3.543669	3.374911
4.905000	-0.167165	3.542076	3.374912
4.910000	-0.165604	3.540515	3.374911
4.915000	-0.164075	3.538986	3.374911
4.920000	-0.162577	3.537488	3.374912
4.925000	-0.161109	3.536021	3.374912
4.930000	-0.159671	3.534582	3.374912
4.935000	-0.158261	3.533173	3.374912
4.940000	-0.156879	3.531791	3.374912
4.945000	-0.155524	3.530436	3.374912
4.950000	-0.154196	3.529108	3.374912
4.955000	-0.152894	3.527806	3.374912
4.960000	-0.151617	3.526529	3.374912
4.965000	-0.150365	3.525277	3.374912
4.970000	-0.149137	3.524049	3.374912
4.975000	-0.147933	3.522844	3.374912
4.980000	-0.146751	3.521662	3.374911
4.985000	-0.145592	3.520503	3.374912
4.990000	-0.144454	3.519366	3.374912
4.995000	-0.143338	3.518250	3.374912
