0.000000	-3.193033	1.500547	-1.692485
0.005000	-3.194651	1.502145	-1.692506
0.010000	-3.197301	1.504738	-1.692563
0.015000	-3.200886	1.508320	-1.692567
0.020000	-3.205451	1.512874	-1.692577
0.025000	-3.210974	1.518381	-1.692593
0.030000	-3.217431	1.524813	-1.692618
0.035000	-3.224739	1.532132	-1.692607
0.040000	-3.232898	1.540283	-1.692615
0.045000	-3.241814	1.549199	-1.692615
0.050000	-3.251406	1.558786	-1.692620
0.055000	-3.261540	1.568923	-1.692617
0.060000	-3.272095	1.579450	-1.692645
0.065000	-3.282820	1.590163	-1.692656
0.070000	-3.293472	1.600798	-1.692674
0.075000	-3.303737	1.611019	-1.692717
0.080000	-3.313165	1.620409	-1.692756
0.085000	-3.321247	1.628452	-1.692796
0.090000	-3.327386	1.634537	-1.692849
0.095000	-3.330878	1.637969	-1.692909
0.100000	-3.331003	1.638006	-1.692997
0.105000	-3.326997	1.633939	-1.693058
0.110000	-3.318333	1.625227	-1.693105
0.115000	-3.304799	1.611672	-1.693127
0.120000	-3.286665	1.593585	-1.693079
0.125000	-3.264895	1.571882	-1.693013
0.130000	-3.240915	1.547990	-1.692925
0.135000	-3.216427	1.523583	-1.692844
0.140000	-3.193009	1.500213	-1.692796
0.145000	-3.171827	1.479069	-1.692758
0.150000	-3.153659	1.460918	-1.692741
0.155000	-3.138942	1.446204	-1.692739
0.160000	-3.127879	1.435144	-1.692735
0.165000	-3.120494	1.427741	-1.692753
0.170000	-3.116530	1.423744	-1.692786
0.175000	-3.115456	1.422634	-1.692821
0.180000	-3.116601	1.423732	-1.692869
0.185000	-3.119259	1.426363	-1.692896
0.190000	-3.122957	1.430039	-1.692917
0.195000	-3.127472	1.434560	-1.692912
0.200000	-3.132857	1.439985	-1.692872
0.205000	-3.139367	1.446493	-1.692874
0.210000	-3.147071	1.454205	-1.692866
0.215000	-3.155933	1.463060	-1.692873
0.220000	-3.165679	1.472795	-1.692883
0.225000	-3.175948	1.483037	-1.692911
0.230000	-3.186338	1.493406	-1.692932
0.235000	-3.196516	1.503579	-1.692938
0.240000	-3.206236	1.513266	-1.692969
0.245000	-3.215157	1.522178	-1.692979
0.250000	-3.222992	1.530002	-1.692990
0.255000	-3.229464	1.536462	-1.693002
0.260000	-3.234421	1.541409	-1.693012
0.265000	-3.237908	1.544908	-1.693001
0.270000	-3.240205	1.547227	-1.692979
0.275000	-3.241705	1.548747	-1.692958
0.280000	-3.242762	1.549825	-1.692937
0.285000	-3.243653	1.550697	-1.692957
0.290000	-3.244405	1.551457	-1.692948
0.295000	-3.245108	1.552130	-1.692978
0.300000	-3.245723	1.552771	-1.692952
0.305000	-3.246547	1.553631	-1.692916
0.310000	-3.248150	1.555259	-1.692890
0.315000	-3.251263	1.558433	-1.692830
0.320000	-3.256643	1.563819	-1.692824
0.325000	-3.264429	1.571587	-1.692843
0.330000	-3.274198	1.581301	-1.692897
0.335000	-3.285122	1.592177	-1.692945
0.340000	-3.296396	1.603415	-1.692981
0.345000	-3.307427	1.614440	-1.692988
0.350000	-3.317963	1.624979	-1.692984
0.355000	-3.328016	1.635057	-1.692959
0.360000	-3.337824	1.644896	-1.692928
0.365000	-3.347708	1.654766	-1.692943
0.370000	-3.357741	1.664822	-1.692918
0.375000	-3.367922	1.674983	-1.692939
0.380000	-3.377860	1.684898	-1.692961
0.385000	-3.387043	1.694033	-1.693010
0.390000	-3.394874	1.701826	-1.693048
0.395000	-3.400945	1.707889	-1.693056
0.400000	-3.405174	1.712137	-1.693038
0.405000	-3.407816	1.714814	-1.693002
0.410000	-3.409364	1.716391	-1.692973
0.415000	-3.410295	1.717352	-1.692943
0.420000	-3.410990	1.718070	-1.692919
0.425000	-3.411697	1.718784	-1.692912
0.430000	-3.412578	1.719676	-1.692902
0.435000	-3.413767	1.720867	-1.692899
0.440000	-3.415257	1.722332	-1.692925
0.445000	-3.416716	1.723767	-1.692949
0.450000	-3.417607	1.724602	-1.693005
0.455000	-3.417248	1.724207	-1.693041
0.460000	-3.415277	1.722243	-1.693035
0.465000	-3.411926	1.718933	-1.692993
0.470000	-3.407976	1.715052	-1.692924
0.475000	-3.404440	1.711537	-1.692903
0.480000	-3.401929	1.709047	-1.692882
0.485000	-3.400668	1.707770	-1.692898
0.490000	-3.400493	1.707599	-1.692894
0.495000	-3.401280	1.708389	-1.692891
0.500000	-3.402969	1.710072	-1.692897
0.505000	-3.405507	1.712599	-1.692908
0.510000	-3.408722	1.715813	-1.692908
0.515000	-3.412329	1.719361	-1.692968
0.520000	-3.415751	1.722754	-1.692997
0.525000	-3.418593	1.725568	-1.693025
0.530000	-3.420676	1.727680	-1.692996
0.535000	-3.422309	1.729347	-1.692962
0.540000	-3.423935	1.730964	-1.692971
0.545000	-3.425682	1.732695	-1.692988
0.550000	-3.427348	1.734318	-1.693030
0.555000	-3.428478	1.735439	-1.693040
0.560000	-3.428820	1.735791	-1.693028
0.565000	-3.428336	1.735283	-1.693053
0.570000	-3.426862	1.733800	-1.693063
0.575000	-3.424087	1.730982	-1.693105
0.580000	-3.419418	1.726241	-1.693177
0.585000	-3.412180	1.718973	-1.693207
0.590000	-3.402051	1.708861	-1.693191
0.595000	-3.389238	1.696078	-1.693160
0.600000	-3.374422	1.681322	-1.693100
0.605000	-3.358746	1.665730	-1.693016
0.610000	-3.343646	1.650722	-1.692924
0.615000	-3.330709	1.637874	-1.692835
0.620000	-3.321499	1.628743	-1.692756
0.625000	-3.317308	1.624611	-1.692697
0.630000	-3.318897	1.626178	-1.692719
0.635000	-3.326076	1.633332	-1.692744
0.640000	-3.337993	1.645140	-1.692853
0.645000	-3.353027	1.660049	-1.692978
0.650000	-3.369267	1.676190	-1.693078
0.655000	-3.384872	1.691716	-1.693156
0.660000	-3.398294	1.705104	-1.693190
0.665000	-3.408555	1.715338	-1.693217
0.670000	-3.415199	1.721977	-1.693222
0.675000	-3.418281	1.725121	-1.693160
0.680000	-3.418393	1.725309	-1.693084
0.685000	-3.416404	1.723373	-1.693031
0.690000	-3.413230	1.720266	-1.692964
0.695000	-3.409815	1.716884	-1.692930
0.700000	-3.406818	1.713920	-1.692898
0.705000	-3.404671	1.711759	-1.692912
0.710000	-3.403368	1.710418	-1.692950
0.715000	-3.402545	1.709562	-1.692983
0.720000	-3.401610	1.708549	-1.693060
0.725000	-3.399699	1.706580	-1.693119
0.730000	-3.396150	1.703004	-1.693146
0.735000	-3.390923	1.697827	-1.693096
0.740000	-3.385150	1.692188	-1.692962
0.745000	-3.381078	1.688281	-1.692798
0.750000	-3.381076	1.688327	-1.692749
0.755000	-3.386005	1.693209	-1.692796
0.760000	-3.394930	1.701980	-1.692950
0.765000	-3.405697	1.712650	-1.693047
0.770000	-3.416449	1.723319	-1.693130
0.775000	-3.425836	1.732705	-1.693131
0.780000	-3.433177	1.740016	-1.693161
0.785000	-3.437804	1.744586	-1.693218
0.790000	-3.438919	1.745643	-1.693276
0.795000	-3.435730	1.742399	-1.693331
0.800000	-3.427780	1.734468	-1.693312
0.805000	-3.415605	1.722387	-1.693217
0.810000	-3.400947	1.707923	-1.693024
0.815000	-3.386628	1.693759	-1.692870
0.820000	-3.375292	1.682515	-1.692777
0.825000	-3.368455	1.675654	-1.692801
0.830000	-3.365952	1.673059	-1.692893
0.835000	-3.366498	1.673512	-1.692986
0.840000	-3.368584	1.675527	-1.693057
0.845000	-3.371053	1.677966	-1.693087
0.850000	-3.373307	1.680223	-1.693084
0.855000	-3.375232	1.682166	-1.693065
0.860000	-3.376972	1.683927	-1.693045
0.865000	-3.378679	1.685642	-1.693038
0.870000	-3.380284	1.687236	-1.693047
0.875000	-3.381458	1.688356	-1.693101
0.880000	-3.381630	1.688501	-1.693130
0.885000	-3.380426	1.687287	-1.693138
0.890000	-3.377816	1.684696	-1.693120
0.895000	-3.374249	1.681162	-1.693086
0.900000	-3.370485	1.677448	-1.693037
0.905000	-3.367398	1.674405	-1.692993
0.910000	-3.365750	1.672799	-1.692951
0.915000	-3.366122	1.673188	-1.692934
0.920000	-3.368716	1.675778	-1.692938
0.925000	-3.373281	1.680295	-1.692985
0.930000	-3.379034	1.685980	-1.693054
0.935000	-3.384891	1.691774	-1.693117
0.940000	-3.389787	1.696628	-1.693160
0.945000	-3.392953	1.699796	-1.693157
0.950000	-3.394217	1.701073	-1.693144
0.955000	-3.393906	1.700831	-1.693075
0.960000	-3.392868	1.699858	-1.693010
0.965000	-3.392000	1.699029	-1.692971
0.970000	-3.391940	1.698997	-1.692944
0.975000	-3.392995	1.700041	-1.692954
0.980000	-3.395081	1.702118	-1.692963
0.985000	-3.398007	1.705019	-1.692988
0.990000	-3.401487	1.708496	-1.692991
0.995000	-3.405303	1.712300	-1.693002
1.000000	-3.409194	1.716176	-1.693018
1.005000	-3.412897	1.719859	-1.693039
1.010000	-3.416166	1.723117	-1.693050
1.015000	-3.418820	1.725755	-1.693065
1.020000	-3.420718	1.727638	-1.693080
1.025000	-3.421803	1.728744	-1.693059
1.030000	-3.422331	1.729301	-1.693030
1.035000	-3.422910	1.729946	-1.692964
1.040000	-3.424579	1.731687	-1.692893
1.045000	-3.428396	1.735536	-1.692859
1.050000	-3.434863	1.741972	-1.692891
1.055000	-3.443577	1.750606	-1.692971
1.060000	-3.453413	1.760378	-1.693035
1.065000	-3.463264	1.770183	-1.693082
1.070000	-3.472453	1.779405	-1.693048
1.075000	-3.480967	1.787891	-1.693076
1.080000	-3.488517	1.795409	-1.693109
1.085000	-3.494384	1.801200	-1.693184
1.090000	-3.497365	1.804132	-1.693232
1.095000	-3.496502	1.803216	-1.693287
1.100000	-3.491259	1.797989	-1.693270
1.105000	-3.481846	1.788590	-1.693255
1.110000	-3.468831	1.775643	-1.693188
1.115000	-3.453271	1.760152	-1.693119
1.120000	-3.436477	1.743429	-1.693048
1.125000	-3.419969	1.727014	-1.692955
1.130000	-3.405319	1.712414	-1.692905
1.135000	-3.393579	1.700679	-1.692900
1.140000	-3.384998	1.692048	-1.692950
1.145000	-3.379049	1.686032	-1.693017
1.150000	-3.375023	1.681978	-1.693045
1.155000	-3.372735	1.679721	-1.693013
1.160000	-3.372765	1.679801	-1.692964
1.165000	-3.375899	1.682958	-1.692941
1.170000	-3.382268	1.689262	-1.693006
1.175000	-3.390798	1.697683	-1.693115
1.180000	-3.399692	1.706486	-1.693205
1.185000	-3.407337	1.714075	-1.693263
1.190000	-3.412830	1.719578	-1.693251
1.195000	-3.416193	1.722997	-1.693195
1.200000	-3.418151	1.725031	-1.693120
1.205000	-3.419866	1.726848	-1.693018
1.210000	-3.422807	1.729871	-1.692936
1.215000	-3.428301	1.735445	-1.692857
1.220000	-3.437196	1.744334	-1.692863
1.225000	-3.449217	1.756280	-1.692937
1.230000	-3.463064	1.770037	-1.693027
1.235000	-3.477071	1.783939	-1.693133
1.240000	-3.489754	1.796580	-1.693173
1.245000	-3.500315	1.807166	-1.693149
1.250000	-3.508556	1.815433	-1.693123
1.255000	-3.514519	1.821414	-1.693105
1.260000	-3.518333	1.825231	-1.693102
1.265000	-3.520112	1.827008	-1.693105
1.270000	-3.519993	1.826923	-1.693070
1.275000	-3.518366	1.825319	-1.693046
1.280000	-3.515772	1.822762	-1.693010
1.285000	-3.512929	1.819948	-1.692982
1.290000	-3.510412	1.817447	-1.692964
1.295000	-3.508425	1.815428	-1.692997
1.300000	-3.506627	1.813571	-1.693056
1.305000	-3.504381	1.811286	-1.693095
1.310000	-3.501204	1.808099	-1.693105
1.315000	-3.497044	1.803954	-1.693090
1.320000	-3.492335	1.799303	-1.693032
1.325000	-3.487950	1.794964	-1.692985
1.330000	-3.484735	1.791767	-1.692968
1.335000	-3.483088	1.790084	-1.693004
1.340000	-3.482579	1.789509	-1.693070
1.345000	-3.482150	1.788991	-1.693159
1.350000	-3.480594	1.787369	-1.693225
1.355000	-3.477211	1.784021	-1.693190
1.360000	-3.472321	1.779188	-1.693133
1.365000	-3.466934	1.773894	-1.693040
1.370000	-3.462448	1.769480	-1.692968
1.375000	-3.459943	1.767007	-1.692936
1.380000	-3.459821	1.766867	-1.692954
1.385000	-3.461793	1.768788	-1.693006
1.390000	-3.465202	1.772159	-1.693043
1.395000	-3.469435	1.776364	-1.693071
1.400000	-3.474051	1.780968	-1.693083
1.405000	-3.478836	1.785757	-1.693079
1.410000	-3.483799	1.790738	-1.693061
1.415000	-3.489157	1.796115	-1.693042
1.420000	-3.495159	1.802154	-1.693004
1.425000	-3.502005	1.808990	-1.693015
1.430000	-3.509515	1.816455	-1.693061
1.435000	-3.517211	1.824118	-1.693093
1.440000	-3.524628	1.831538	-1.693090
1.445000	-3.531585	1.838499	-1.693086
1.450000	-3.538139	1.845045	-1.693094
1.455000	-3.544338	1.851244	-1.693093
1.460000	-3.550040	1.856917	-1.693123
1.465000	-3.554724	1.861575	-1.693149
1.470000	-3.557764	1.864595	-1.693169
1.475000	-3.558664	1.865468	-1.693197
1.480000	-3.557099	1.863883	-1.693216
1.485000	-3.552942	1.859705	-1.693237
1.490000	-3.546126	1.852896	-1.693230
1.495000	-3.536768	1.843508	-1.693261
1.500000	-3.525014	1.831790	-1.693224
1.505000	-3.511535	1.818358	-1.693177
1.510000	-3.497374	1.804283	-1.693091
1.515000	-3.484047	1.791041	-1.693006
1.520000	-3.473208	1.780294	-1.692914
1.525000	-3.466468	1.773638	-1.692830
1.530000	-3.465152	1.772355	-1.692797
1.535000	-3.469922	1.777110	-1.692811
1.540000	-3.480496	1.787584	-1.692913
1.545000	-3.495364	1.802315	-1.693050
1.550000	-3.512155	1.818931	-1.693225
1.555000	-3.528068	1.834728	-1.693340
1.560000	-3.540765	1.847288	-1.693477
1.565000	-3.548417	1.854904	-1.693513
1.570000	-3.550208	1.856709	-1.693498
1.575000	-3.546113	1.852643	-1.693470
1.580000	-3.536779	1.843421	-1.693359
1.585000	-3.523762	1.830543	-1.693218
1.590000	-3.509257	1.816198	-1.693058
1.595000	-3.495774	1.802839	-1.692935
1.600000	-3.485376	1.792510	-1.692866
1.605000	-3.479114	1.786219	-1.692895
1.610000	-3.476650	1.783669	-1.692981
1.615000	-3.476598	1.783488	-1.693110
1.620000	-3.477042	1.783845	-1.693197
1.625000	-3.476439	1.783184	-1.693256
1.630000	-3.473977	1.780730	-1.693247
1.635000	-3.469795	1.776622	-1.693172
1.640000	-3.464821	1.771709	-1.693112
1.645000	-3.460217	1.767192	-1.693025
1.650000	-3.457195	1.764213	-1.692982
1.655000	-3.456492	1.763511	-1.692981
1.660000	-3.458266	1.765252	-1.693015
1.665000	-3.462155	1.769099	-1.693056
1.670000	-3.467605	1.774505	-1.693099
1.675000	-3.474086	1.780958	-1.693128
1.680000	-3.481184	1.788006	-1.693178
1.685000	-3.488302	1.795078	-1.693224
1.690000	-3.494672	1.801377	-1.693294
1.695000	-3.499356	1.806026	-1.693329
1.700000	-3.501749	1.808403	-1.693347
1.705000	-3.501737	1.808441	-1.693297
1.710000	-3.499922	1.806726	-1.693196
1.715000	-3.497442	1.804333	-1.693108
1.720000	-3.495461	1.802403	-1.693058
1.725000	-3.494705	1.801641	-1.693064
1.730000	-3.495157	1.802054	-1.693102
1.735000	-3.496209	1.803054	-1.693156
1.740000	-3.497013	1.803796	-1.693217
1.745000	-3.496737	1.803497	-1.693239
1.750000	-3.494900	1.801625	-1.693275
1.755000	-3.491181	1.797900	-1.693281
1.760000	-3.485433	1.792107	-1.693326
1.765000	-3.477279	1.783915	-1.693364
1.770000	-3.466385	1.772989	-1.693397
1.775000	-3.452885	1.759554	-1.693331
1.780000	-3.438219	1.745046	-1.693173
1.785000	-3.425109	1.732102	-1.693007
1.790000	-3.416470	1.723571	-1.692899
1.795000	-3.414044	1.721128	-1.692916
1.800000	-3.417753	1.724780	-1.692973
1.805000	-3.426648	1.733601	-1.693048
1.810000	-3.439637	1.746549	-1.693088
1.815000	-3.455616	1.762445	-1.693171
1.820000	-3.472933	1.779646	-1.693287
1.825000	-3.489650	1.796288	-1.693362
1.830000	-3.504349	1.810992	-1.693357
1.835000	-3.516530	1.823180	-1.693350
1.840000	-3.526067	1.832725	-1.693341
1.845000	-3.532787	1.839437	-1.693350
1.850000	-3.536347	1.842996	-1.693352
1.855000	-3.536701	1.843396	-1.693305
1.860000	-3.534538	1.841311	-1.693228
1.865000	-3.531028	1.837893	-1.693135
1.870000	-3.527326	1.834228	-1.693098
1.875000	-3.524007	1.830919	-1.693088
1.880000	-3.521177	1.828068	-1.693109
1.885000	-3.518682	1.825535	-1.693146
1.890000	-3.516284	1.823108	-1.693177
1.895000	-3.513641	1.820428	-1.693213
1.900000	-3.510153	1.816859	-1.693294
1.905000	-3.504882	1.811527	-1.693355
1.910000	-3.497034	1.803642	-1.693392
1.915000	-3.486294	1.792919	-1.693375
1.920000	-3.473222	1.779945	-1.693277
1.925000	-3.459440	1.766312	-1.693128
1.930000	-3.447386	1.754448	-1.692938
1.935000	-3.439860	1.747071	-1.692789
1.940000	-3.439037	1.746281	-1.692755
1.945000	-3.445500	1.752658	-1.692842
1.950000	-3.457924	1.764928	-1.692997
1.955000	-3.473716	1.780532	-1.693184
1.960000	-3.489961	1.796660	-1.693301
1.965000	-3.504419	1.811006	-1.693413
1.970000	-3.515419	1.821957	-1.693462
1.975000	-3.521990	1.828479	-1.693511
1.980000	-3.523545	1.830056	-1.693489
1.985000	-3.520221	1.826763	-1.693458
1.990000	-3.512761	1.819392	-1.693369
1.995000	-3.502741	1.809497	-1.693245
2.000000	-3.492294	1.799168	-1.693126
2.005000	-3.483379	1.790302	-1.693078
2.010000	-3.476798	1.783628	-1.693170
2.015000	-3.471606	1.778330	-1.693277
2.020000	-3.466152	1.772803	-1.693349
2.025000	-3.459309	1.765976	-1.693333
2.030000	-3.451392	1.758183	-1.693209
2.035000	-3.444125	1.751060	-1.693065
2.040000	-3.439603	1.746668	-1.692934
2.045000	-3.439558	1.746657	-1.692901
2.050000	-3.444765	1.751861	-1.692904
2.055000	-3.455096	1.762101	-1.692995
2.060000	-3.469117	1.775977	-1.693141
2.065000	-3.484333	1.791007	-1.693325
2.070000	-3.497859	1.804417	-1.693442
2.075000	-3.507667	1.814178	-1.693490
2.080000	-3.512996	1.819535	-1.693461
2.085000	-3.514142	1.820729	-1.693413
2.090000	-3.511788	1.818425	-1.693363
2.095000	-3.506811	1.813528	-1.693283
2.100000	-3.500455	1.807294	-1.693161
2.105000	-3.494273	1.801190	-1.693083
2.110000	-3.489433	1.796401	-1.693032
2.115000	-3.486502	1.793474	-1.693028
2.120000	-3.485416	1.792346	-1.693069
2.125000	-3.485716	1.792636	-1.693080
2.130000	-3.487012	1.793911	-1.693101
2.135000	-3.488884	1.795772	-1.693112
2.140000	-3.491026	1.797895	-1.693130
2.145000	-3.493243	1.800119	-1.693124
2.150000	-3.495693	1.802605	-1.693088
2.155000	-3.498837	1.805779	-1.693058
2.160000	-3.502954	1.809881	-1.693073
2.165000	-3.507670	1.814521	-1.693149
2.170000	-3.511979	1.818779	-1.693199
2.175000	-3.514989	1.821769	-1.693220
2.180000	-3.516217	1.822988	-1.693229
2.185000	-3.515464	1.822200	-1.693264
2.190000	-3.512413	1.819104	-1.693309
2.195000	-3.506545	1.813175	-1.693370
2.200000	-3.497233	1.803824	-1.693408
2.205000	-3.484226	1.790830	-1.693396
2.210000	-3.468139	1.774793	-1.693346
2.215000	-3.450460	1.757230	-1.693230
2.220000	-3.433110	1.739903	-1.693206
2.225000	-3.417092	1.723869	-1.693223
2.230000	-3.402691	1.709473	-1.693218
2.235000	-3.390517	1.697387	-1.693130
2.240000	-3.381993	1.688921	-1.693071
2.245000	-3.377984	1.684835	-1.693149
2.250000	-3.377781	1.684549	-1.693232
2.255000	-3.380624	1.687457	-1.693166
2.260000	-3.387722	1.694784	-1.692938
2.265000	-3.401816	1.708958	-1.692858
2.270000	-3.423346	1.730212	-1.693133
2.275000	-3.448209	1.754752	-1.693457
2.280000	-3.470972	1.777360	-1.693612
2.285000	-3.488271	1.794641	-1.693630
2.290000	-3.499175	1.805624	-1.693552
2.295000	-3.504363	1.810945	-1.693418
2.300000	-3.505587	1.812335	-1.693251
2.305000	-3.505371	1.812291	-1.693080
2.310000	-3.506214	1.813226	-1.692989
2.315000	-3.509299	1.816266	-1.693033
2.320000	-3.514054	1.820934	-1.693119
2.325000	-3.519330	1.826188	-1.693143
2.330000	-3.524853	1.831787	-1.693066
2.335000	-3.531600	1.838636	-1.692964
2.340000	-3.540678	1.847695	-1.692982
2.345000	-3.551625	1.858488	-1.693137
2.350000	-3.562025	1.868689	-1.693335
2.355000	-3.568726	1.875261	-1.693465
2.360000	-3.569422	1.875910	-1.693512
2.365000	-3.563293	1.869820	-1.693473
2.370000	-3.551018	1.857682	-1.693336
2.375000	-3.534670	1.841546	-1.693123
2.380000	-3.517414	1.824521	-1.692893
2.385000	-3.502808	1.810088	-1.692720
2.390000	-3.493652	1.800998	-1.692654
2.395000	-3.491023	1.798307	-1.692716
2.400000	-3.494041	1.801167	-1.692874
2.405000	-3.500509	1.807466	-1.693042
2.410000	-3.507932	1.814795	-1.693136
2.415000	-3.514421	1.821226	-1.693195
2.420000	-3.518799	1.825586	-1.693213
2.425000	-3.520581	1.827364	-1.693218
2.430000	-3.519638	1.826448	-1.693190
2.435000	-3.516115	1.822917	-1.693199
2.440000	-3.510158	1.816981	-1.693177
2.445000	-3.502151	1.809026	-1.693125
2.450000	-3.492777	1.799694	-1.693083
2.455000	-3.482899	1.789880	-1.693018
2.460000	-3.473599	1.780639	-1.692961
2.465000	-3.465867	1.772958	-1.692910
2.470000	-3.460380	1.767480	-1.692901
2.475000	-3.457241	1.764301	-1.692940
2.480000	-3.455990	1.762994	-1.692996
2.485000	-3.455895	1.762848	-1.693047
2.490000	-3.456247	1.763180	-1.693067
2.495000	-3.456616	1.763513	-1.693103
2.500000	-3.456677	1.763558	-1.693120
2.505000	-3.456231	1.763082	-1.693149
2.510000	-3.454968	1.761795	-1.693173
2.515000	-3.452514	1.759311	-1.693203
2.520000	-3.448430	1.755210	-1.693220
2.525000	-3.442438	1.749186	-1.693252
2.530000	-3.434452	1.741231	-1.693221
2.535000	-3.424955	1.731757	-1.693198
2.540000	-3.414679	1.721534	-1.693145
2.545000	-3.404500	1.711386	-1.693113
2.550000	-3.395005	1.701880	-1.693125
2.555000	-3.386397	1.693274	-1.693123
2.560000	-3.378901	1.685809	-1.693092
2.565000	-3.373045	1.680019	-1.693026
2.570000	-3.369737	1.676760	-1.692977
2.575000	-3.369796	1.676857	-1.692939
2.580000	-3.373590	1.680639	-1.692951
2.585000	-3.380753	1.687750	-1.693003
2.590000	-3.390454	1.697410	-1.693044
2.595000	-3.401908	1.708863	-1.693045
2.600000	-3.414660	1.721621	-1.693040
2.605000	-3.428418	1.735371	-1.693047
2.610000	-3.442808	1.749736	-1.693072
2.615000	-3.457203	1.764077	-1.693126
2.620000	-3.470658	1.777478	-1.693180
2.625000	-3.482126	1.788876	-1.693251
2.630000	-3.490572	1.797283	-1.693289
2.635000	-3.495280	1.801963	-1.693317
2.640000	-3.495854	1.802514	-1.693340
2.645000	-3.492243	1.798929	-1.693313
2.650000	-3.484955	1.791679	-1.693276
2.655000	-3.474956	1.781749	-1.693207
2.660000	-3.463612	1.770461	-1.693150
2.665000	-3.452295	1.759195	-1.693099
2.670000	-3.442383	1.749381	-1.693002
2.675000	-3.435825	1.742987	-1.692838
2.680000	-3.435331	1.742620	-1.692711
2.685000	-3.442760	1.749984	-1.692776
2.690000	-3.456877	1.763811	-1.693065
2.695000	-3.473427	1.780128	-1.693299
2.700000	-3.488213	1.794764	-1.693449
2.705000	-3.498703	1.805241	-1.693462
2.710000	-3.504314	1.810944	-1.693370
2.715000	-3.505871	1.812601	-1.693270
2.720000	-3.504897	1.811754	-1.693143
2.725000	-3.503242	1.810191	-1.693051
2.730000	-3.502255	1.809223	-1.693032
2.735000	-3.502200	1.809128	-1.693072
2.740000	-3.502378	1.809223	-1.693155
2.745000	-3.501691	1.808488	-1.693204
2.750000	-3.499431	1.806243	-1.693189
2.755000	-3.495593	1.802423	-1.693170
2.760000	-3.490569	1.797454	-1.693115
2.765000	-3.485045	1.791957	-1.693089
2.770000	-3.479561	1.786507	-1.693054
2.775000	-3.474597	1.781556	-1.693040
2.780000	-3.470493	1.777448	-1.693045
2.785000	-3.467447	1.774397	-1.693050
2.790000	-3.465545	1.772478	-1.693066
2.795000	-3.464709	1.771616	-1.693093
2.800000	-3.464623	1.771474	-1.693150
2.805000	-3.464481	1.771222	-1.693259
2.810000	-3.462945	1.769574	-1.693371
2.815000	-3.458782	1.765395	-1.693387
2.820000	-3.451829	1.758515	-1.693314
2.825000	-3.443264	1.750100	-1.693165
2.830000	-3.435350	1.742359	-1.692992
2.835000	-3.430610	1.737739	-1.692871
2.840000	-3.430758	1.737882	-1.692876
2.845000	-3.435873	1.742913	-1.692960
2.850000	-3.444573	1.751490	-1.693083
2.855000	-3.454700	1.761469	-1.693232
2.860000	-3.464004	1.770687	-1.693317
2.865000	-3.470906	1.777563	-1.693342
2.870000	-3.474700	1.781379	-1.693321
2.875000	-3.475562	1.782292	-1.693270
2.880000	-3.474174	1.780952	-1.693222
2.885000	-3.471124	1.777900	-1.693225
2.890000	-3.466443	1.773201	-1.693242
2.895000	-3.459898	1.766654	-1.693245
2.900000	-3.451583	1.758385	-1.693199
2.905000	-3.442419	1.749337	-1.693082
2.910000	-3.434223	1.741265	-1.692958
2.915000	-3.428980	1.736122	-1.692858
2.920000	-3.427974	1.735077	-1.692897
2.925000	-3.430871	1.737885	-1.692986
2.930000	-3.436256	1.743168	-1.693088
2.935000	-3.442460	1.749320	-1.693140
2.940000	-3.448401	1.755239	-1.693162
2.945000	-3.453599	1.760460	-1.693139
2.950000	-3.458035	1.764915	-1.693121
2.955000	-3.461783	1.768685	-1.693098
2.960000	-3.464988	1.771890	-1.693098
2.965000	-3.467738	1.774646	-1.693093
2.970000	-3.470067	1.776971	-1.693096
2.975000	-3.471792	1.778682	-1.693110
2.980000	-3.472503	1.779371	-1.693132
2.985000	-3.471683	1.778537	-1.693146
2.990000	-3.468957	1.775810	-1.693146
2.995000	-3.464254	1.771127	-1.693127
3.000000	-3.457839	1.764750	-1.693089
3.005000	-3.450228	1.757189	-1.693039
3.010000	-3.442081	1.749069	-1.693012
3.015000	-3.433990	1.741010	-1.692980
3.020000	-3.426480	1.733527	-1.692953
3.025000	-3.419923	1.726974	-1.692949
3.030000	-3.414456	1.721499	-1.692957
3.035000	-3.410038	1.717071	-1.692968
3.040000	-3.406525	1.713534	-1.692991
3.045000	-3.403701	1.710707	-1.692994
3.050000	-3.401505	1.708523	-1.692981
3.055000	-3.400139	1.707180	-1.692959
3.060000	-3.400126	1.707219	-1.692907
3.065000	-3.402309	1.709453	-1.692856
3.070000	-3.407507	1.714697	-1.692810
3.075000	-3.416252	1.723461	-1.692791
3.080000	-3.428561	1.735754	-1.692807
3.085000	-3.443950	1.751079	-1.692872
3.090000	-3.461440	1.768489	-1.692951
3.095000	-3.479683	1.786641	-1.693043
3.100000	-3.497023	1.803880	-1.693143
3.105000	-3.511670	1.818422	-1.693249
3.110000	-3.521937	1.828625	-1.693311
3.115000	-3.526624	1.833259	-1.693365
3.120000	-3.525092	1.831730	-1.693362
3.125000	-3.517512	1.824216	-1.693295
3.130000	-3.504917	1.811728	-1.693189
3.135000	-3.489071	1.796014	-1.693057
3.140000	-3.472240	1.779315	-1.692925
3.145000	-3.456738	1.763933	-1.692806
3.150000	-3.444479	1.751755	-1.692724
3.155000	-3.436603	1.743871	-1.692732
3.160000	-3.433228	1.740442	-1.692786
3.165000	-3.433684	1.740823	-1.692861
3.170000	-3.436769	1.743832	-1.692938
3.175000	-3.441093	1.748068	-1.693025
3.180000	-3.445247	1.752149	-1.693098
3.185000	-3.448019	1.754844	-1.693174
3.190000	-3.448378	1.755146	-1.693232
3.195000	-3.445598	1.752341	-1.693257
3.200000	-3.439368	1.746120	-1.693249
3.205000	-3.429923	1.736712	-1.693211
3.210000	-3.418113	1.724974	-1.693138
3.215000	-3.405346	1.712315	-1.693031
3.220000	-3.393337	1.700368	-1.692968
3.225000	-3.383438	1.690496	-1.692942
3.230000	-3.376424	1.683487	-1.692937
3.235000	-3.372635	1.679733	-1.692902
3.240000	-3.372524	1.679653	-1.692871
3.245000	-3.376631	1.683756	-1.692875
3.250000	-3.384990	1.692064	-1.692926
3.255000	-3.396590	1.703529	-1.693061
3.260000	-3.409299	1.716077	-1.693221
3.265000	-3.420485	1.727119	-1.693366
3.270000	-3.427669	1.734173	-1.693496
3.275000	-3.429023	1.735492	-1.693531
3.280000	-3.424031	1.730569	-1.693462
3.285000	-3.413682	1.720368	-1.693314
3.290000	-3.400366	1.707256	-1.693110
3.295000	-3.387423	1.694537	-1.692886
3.300000	-3.378296	1.685549	-1.692747
3.305000	-3.375289	1.682553	-1.692736
3.310000	-3.378816	1.685974	-1.692843
3.315000	-3.387387	1.694372	-1.693014
3.320000	-3.398206	1.704962	-1.693244
3.325000	-3.407848	1.714398	-1.693450
3.330000	-3.413211	1.719636	-1.693576
3.335000	-3.412354	1.718739	-1.693616
3.340000	-3.405031	1.711514	-1.693518
3.345000	-3.393028	1.699753	-1.693275
3.350000	-3.379897	1.686870	-1.693027
3.355000	-3.369524	1.676667	-1.692857
3.360000	-3.364587	1.671744	-1.692844
3.365000	-3.365632	1.672730	-1.692902
3.370000	-3.371735	1.678711	-1.693024
3.375000	-3.381153	1.688032	-1.693121
3.380000	-3.392073	1.698882	-1.693191
3.385000	-3.402936	1.709671	-1.693265
3.390000	-3.412611	1.719344	-1.693266
3.395000	-3.420771	1.727539	-1.693232
3.400000	-3.427692	1.734511	-1.693180
3.405000	-3.433962	1.740842	-1.693119
3.410000	-3.440212	1.747124	-1.693088
3.415000	-3.446862	1.753795	-1.693067
3.420000	-3.454195	1.761165	-1.693031
3.425000	-3.462531	1.769513	-1.693017
3.430000	-3.472081	1.779097	-1.692984
3.435000	-3.483020	1.790045	-1.692975
3.440000	-3.495182	1.802174	-1.693008
3.445000	-3.507938	1.814871	-1.693067
3.450000	-3.520268	1.827134	-1.693134
3.455000	-3.530966	1.837780	-1.693186
3.460000	-3.538953	1.845714	-1.693239
3.465000	-3.543408	1.850159	-1.693249
3.470000	-3.544037	1.850810	-1.693227
3.475000	-3.541091	1.847919	-1.693173
3.480000	-3.535373	1.842278	-1.693094
3.485000	-3.528103	1.835106	-1.692997
3.490000	-3.520727	1.827824	-1.692904
3.495000	-3.514644	1.821820	-1.692824
3.500000	-3.510956	1.818182	-1.692774
3.505000	-3.510223	1.817423	-1.692800
3.510000	-3.512100	1.819205	-1.692895
3.515000	-3.515276	1.822275	-1.693001
3.520000	-3.517908	1.824777	-1.693131
3.525000	-3.518095	1.824894	-1.693201
3.530000	-3.514666	1.821455	-1.693212
3.535000	-3.507379	1.814223	-1.693156
3.540000	-3.496879	1.803797	-1.693082
3.545000	-3.484336	1.791330	-1.693006
3.550000	-3.471155	1.778215	-1.692940
3.555000	-3.458709	1.765843	-1.692867
3.560000	-3.448208	1.755401	-1.692807
3.565000	-3.440506	1.747700	-1.692806
3.570000	-3.435880	1.743064	-1.692816
3.575000	-3.434199	1.741341	-1.692858
3.580000	-3.434948	1.742049	-1.692899
3.585000	-3.437509	1.744593	-1.692916
3.590000	-3.441366	1.748403	-1.692963
3.595000	-3.445923	1.752925	-1.692997
3.600000	-3.450558	1.757523	-1.693035
3.605000	-3.454561	1.761484	-1.693077
3.610000	-3.457268	1.764166	-1.693102
3.615000	-3.458303	1.765204	-1.693099
3.620000	-3.457729	1.764634	-1.693096
3.625000	-3.455873	1.762817	-1.693056
3.630000	-3.453234	1.760180	-1.693055
3.635000	-3.450028	1.756941	-1.693088
3.640000	-3.446145	1.753055	-1.693090
3.645000	-3.441512	1.748425	-1.693086
3.650000	-3.436244	1.743173	-1.693071
3.655000	-3.430815	1.737793	-1.693022
3.660000	-3.426079	1.733132	-1.692946
3.665000	-3.423116	1.730211	-1.692906
3.670000	-3.422817	1.729951	-1.692866
3.675000	-3.425759	1.732895	-1.692863
3.680000	-3.431910	1.738979	-1.692931
3.685000	-3.440413	1.747398	-1.693015
3.690000	-3.449785	1.756645	-1.693140
3.695000	-3.458078	1.764843	-1.693235
3.700000	-3.463654	1.770337	-1.693317
3.705000	-3.465558	1.772232	-1.693325
3.710000	-3.463869	1.770622	-1.693247
3.715000	-3.459597	1.766410	-1.693187
3.720000	-3.453981	1.760864	-1.693117
3.725000	-3.448194	1.755108	-1.693086
3.730000	-3.442976	1.749919	-1.693056
3.735000	-3.438921	1.745909	-1.693012
3.740000	-3.436701	1.743743	-1.692958
3.745000	-3.436941	1.744010	-1.692931
3.750000	-3.439857	1.746891	-1.692966
3.755000	-3.445017	1.752041	-1.692976
3.760000	-3.451806	1.758789	-1.693017
3.765000	-3.459401	1.766344	-1.693057
3.770000	-3.466970	1.773876	-1.693094
3.775000	-3.473670	1.780517	-1.693153
3.780000	-3.478659	1.785455	-1.693204
3.785000	-3.481335	1.788127	-1.693208
3.790000	-3.481586	1.788393	-1.693193
3.795000	-3.479731	1.786603	-1.693128
3.800000	-3.476566	1.783500	-1.693066
3.805000	-3.473002	1.780004	-1.692998
3.810000	-3.469948	1.776986	-1.692962
3.815000	-3.468020	1.775085	-1.692935
3.820000	-3.467544	1.774588	-1.692956
3.825000	-3.468394	1.775414	-1.692980
3.830000	-3.470185	1.777171	-1.693014
3.835000	-3.472327	1.779249	-1.693078
3.840000	-3.474012	1.780889	-1.693123
3.845000	-3.474388	1.781182	-1.693206
3.850000	-3.472375	1.779088	-1.693287
3.855000	-3.466919	1.773560	-1.693359
3.860000	-3.457405	1.764076	-1.693328
3.865000	-3.444782	1.751640	-1.693142
3.870000	-3.432350	1.739529	-1.692820
3.875000	-3.424796	1.732140	-1.692656
3.880000	-3.424623	1.731851	-1.692772
3.885000	-3.430352	1.737391	-1.692961
3.890000	-3.438917	1.745848	-1.693068
3.895000	-3.448343	1.755299	-1.693044
3.900000	-3.458362	1.765367	-1.692994
3.905000	-3.469365	1.776437	-1.692928
3.910000	-3.481776	1.788839	-1.692937
3.915000	-3.495463	1.802503	-1.692959
3.920000	-3.509906	1.816896	-1.693010
3.925000	-3.524229	1.831141	-1.693088
3.930000	-3.537307	1.844154	-1.693153
3.935000	-3.547993	1.854759	-1.693234
3.940000	-3.555125	1.861808	-1.693316
3.945000	-3.557676	1.864326	-1.693350
3.950000	-3.555086	1.861714	-1.693372
3.955000	-3.547340	1.854008	-1.693332
3.960000	-3.535297	1.842057	-1.693240
3.965000	-3.520572	1.827447	-1.693125
3.970000	-3.505185	1.812170	-1.693015
3.975000	-3.491075	1.798144	-1.692931
3.980000	-3.479700	1.786820	-1.692880
3.985000	-3.471884	1.778964	-1.692920
3.990000	-3.467564	1.774602	-1.692962
3.995000	-3.466211	1.773208	-1.693004
4.000000	-3.467170	1.774137	-1.693033
4.005000	-3.470035	1.777021	-1.693014
4.010000	-3.474775	1.781731	-1.693044
4.015000	-3.481023	1.787955	-1.693068
4.020000	-3.488041	1.794887	-1.693155
4.025000	-3.494588	1.801394	-1.693195
4.030000	-3.499739	1.806506	-1.693232
4.035000	-3.502985	1.809759	-1.693226
4.040000	-3.504359	1.811153	-1.693206
4.045000	-3.504020	1.810826	-1.693194
4.050000	-3.502016	1.808799	-1.693217
4.055000	-3.498217	1.804997	-1.693220
4.060000	-3.492702	1.799516	-1.693187
4.065000	-3.485982	1.792847	-1.693135
4.070000	-3.478966	1.785881	-1.693085
4.075000	-3.472708	1.779669	-1.693039
4.080000	-3.468081	1.775097	-1.692984
4.085000	-3.465588	1.772602	-1.692986
4.090000	-3.465052	1.772016	-1.693037
4.095000	-3.465739	1.772631	-1.693108
4.100000	-3.466690	1.773536	-1.693154
4.105000	-3.467219	1.774050	-1.693170
4.110000	-3.467168	1.774025	-1.693143
4.115000	-3.466975	1.773893	-1.693082
4.120000	-3.467456	1.774438	-1.693018
4.125000	-3.469431	1.776439	-1.692992
4.130000	-3.473318	1.780326	-1.692992
4.135000	-3.478984	1.785958	-1.693027
4.140000	-3.485742	1.792651	-1.693091
4.145000	-3.492561	1.799423	-1.693138
4.150000	-3.498486	1.805304	-1.693182
4.155000	-3.502796	1.809589	-1.693208
4.160000	-3.505118	1.811913	-1.693205
4.165000	-3.505350	1.812144	-1.693206
4.170000	-3.503376	1.810164	-1.693212
4.175000	-3.498932	1.805668	-1.693264
4.180000	-3.491482	1.798149	-1.693333
4.185000	-3.480464	1.787119	-1.693346
4.190000	-3.465861	1.772535	-1.693326
4.195000	-3.448437	1.755204	-1.693233
4.200000	-3.429965	1.736875	-1.693090
4.205000	-3.412852	1.719884	-1.692968
4.210000	-3.399347	1.706452	-1.692894
4.215000	-3.390919	1.698020	-1.692899
4.220000	-3.387898	1.694977	-1.692921
4.225000	-3.389899	1.696912	-1.692988
4.230000	-3.396091	1.703074	-1.693017
4.235000	-3.405721	1.712631	-1.693090
4.240000	-3.417706	1.724552	-1.693155
4.245000	-3.430734	1.737493	-1.693241
4.250000	-3.443281	1.749958	-1.693324
4.255000	-3.453956	1.760573	-1.693383
4.260000	-3.461649	1.768192	-1.693457
4.265000	-3.465406	1.771935	-1.693471
4.270000	-3.464939	1.771504	-1.693435
4.275000	-3.461084	1.767788	-1.693296
4.280000	-3.456189	1.763098	-1.693091
4.285000	-3.453140	1.760154	-1.692986
4.290000	-3.453351	1.760309	-1.693042
4.295000	-3.456076	1.762960	-1.693116
4.300000	-3.459914	1.766773	-1.693141
4.305000	-3.464140	1.771023	-1.693117
4.310000	-3.468881	1.775807	-1.693074
4.315000	-3.474523	1.781502	-1.693021
4.320000	-3.481223	1.788170	-1.693053
4.325000	-3.488409	1.795301	-1.693108
4.330000	-3.495056	1.801892	-1.693164
4.335000	-3.500041	1.806810	-1.693231
4.340000	-3.502427	1.809184	-1.693243
4.345000	-3.501904	1.808678	-1.693227
4.350000	-3.498748	1.805599	-1.693149
4.355000	-3.493923	1.800849	-1.693074
4.360000	-3.488735	1.795764	-1.692972
4.365000	-3.484665	1.791751	-1.692914
4.370000	-3.482686	1.789783	-1.692903
4.375000	-3.482923	1.789955	-1.692968
4.380000	-3.484462	1.791391	-1.693071
4.385000	-3.485781	1.792600	-1.693182
4.390000	-3.485269	1.791991	-1.693278
4.395000	-3.481622	1.788248	-1.693374
4.400000	-3.473864	1.780409	-1.693455
4.405000	-3.461390	1.767886	-1.693505
4.410000	-3.444391	1.750991	-1.693401
4.415000	-3.425266	1.732180	-1.693086
4.420000	-3.409349	1.716594	-1.692755
4.425000	-3.401943	1.709188	-1.692755
4.430000	-3.403049	1.709911	-1.693138
4.435000	-3.407032	1.713526	-1.693506
4.440000	-3.408125	1.714550	-1.693576
4.445000	-3.404208	1.710705	-1.693503
4.450000	-3.395986	1.702685	-1.693301
4.455000	-3.385793	1.692693	-1.693101
4.460000	-3.376256	1.683329	-1.692927
4.465000	-3.369766	1.676949	-1.692817
4.470000	-3.368024	1.675259	-1.692765
4.475000	-3.371860	1.679084	-1.692776
4.480000	-3.381176	1.688343	-1.692834
4.485000	-3.395103	1.702214	-1.692890
4.490000	-3.412418	1.719436	-1.692982
4.495000	-3.431623	1.738592	-1.693031
4.500000	-3.451444	1.758328	-1.693116
4.505000	-3.470693	1.777558	-1.693135
4.510000	-3.488681	1.795543	-1.693138
4.515000	-3.504947	1.811786	-1.693161
4.520000	-3.518958	1.825758	-1.693199
4.525000	-3.529959	1.836698	-1.693261
4.530000	-3.536956	1.843638	-1.693318
4.535000	-3.539033	1.845678	-1.693355
4.540000	-3.535677	1.842320	-1.693357
4.545000	-3.527020	1.833699	-1.693321
4.550000	-3.513873	1.820639	-1.693234
4.555000	-3.497740	1.804604	-1.693136
4.560000	-3.480536	1.787532	-1.693003
4.565000	-3.464400	1.771486	-1.692914
4.570000	-3.450960	1.758061	-1.692898
4.575000	-3.440772	1.747829	-1.692943
4.580000	-3.433429	1.740415	-1.693014
4.585000	-3.428209	1.735193	-1.693016
4.590000	-3.424978	1.732000	-1.692978
4.595000	-3.424133	1.731175	-1.692958
4.600000	-3.425954	1.732999	-1.692955
4.605000	-3.430187	1.737185	-1.693002
4.610000	-3.435925	1.742880	-1.693046
4.615000	-3.442145	1.749058	-1.693086
4.620000	-3.447995	1.754874	-1.693121
4.625000	-3.452898	1.759775	-1.693122
4.630000	-3.456611	1.763465	-1.693145
4.635000	-3.459014	1.765900	-1.693114
4.640000	-3.460499	1.767434	-1.693065
4.645000	-3.461866	1.768865	-1.693001
4.650000	-3.463936	1.770916	-1.693019
4.655000	-3.466540	1.773446	-1.693094
4.660000	-3.468503	1.775327	-1.693176
4.665000	-3.468502	1.775317	-1.693186
4.670000	-3.466098	1.772973	-1.693125
4.675000	-3.461882	1.768824	-1.693058
4.680000	-3.456902	1.763908	-1.692995
4.685000	-3.452141	1.759188	-1.692953
4.690000	-3.448110	1.755127	-1.692983
4.695000	-3.444567	1.751522	-1.693045
4.700000	-3.440737	1.747617	-1.693120
4.705000	-3.435634	1.742457	-1.693177
4.710000	-3.428543	1.735383	-1.693160
4.715000	-3.419624	1.726502	-1.693121
4.720000	-3.409935	1.716940	-1.692995
4.725000	-3.401479	1.708630	-1.692849
4.730000	-3.396394	1.703616	-1.692778
4.735000	-3.395908	1.703110	-1.692798
4.740000	-3.399833	1.706953	-1.692881
4.745000	-3.406815	1.713817	-1.692998
4.750000	-3.415010	1.721925	-1.693085
4.755000	-3.422833	1.729699	-1.693134
4.760000	-3.429264	1.736104	-1.693160
4.765000	-3.433847	1.740712	-1.693134
4.770000	-3.436746	1.743659	-1.693086
4.775000	-3.438541	1.745512	-1.693029
4.780000	-3.440020	1.747038	-1.692982
4.785000	-3.441870	1.748891	-1.692979
4.790000	-3.444304	1.751320	-1.692984
4.795000	-3.447064	1.754048	-1.693016
4.800000	-3.449431	1.756368	-1.693063
4.805000	-3.450539	1.757419	-1.693120
4.810000	-3.449595	1.756448	-1.693147
4.815000	-3.446133	1.752977	-1.693156
4.820000	-3.440044	1.746877	-1.693167
4.825000	-3.431518	1.738370	-1.693148
4.830000	-3.421097	1.728003	-1.693094
4.835000	-3.409629	1.716590	-1.693038
4.840000	-3.398106	1.705143	-1.692963
4.845000	-3.387699	1.694812	-1.692887
4.850000	-3.379628	1.686808	-1.692820
4.855000	-3.374995	1.682210	-1.692784
4.860000	-3.374452	1.681668	-1.692784
4.865000	-3.377947	1.685114	-1.692833
4.870000	-3.384654	1.691739	-1.692914
4.875000	-3.393312	1.700320	-1.692992
4.880000	-3.402702	1.709673	-1.693030
4.885000	-3.412008	1.718971	-1.693036
4.890000	-3.420887	1.727859	-1.693029
4.895000	-3.429393	1.736403	-1.692990
4.900000	-3.437899	1.744949	-1.692950
4.905000	-3.446811	1.753904	-1.692907
4.910000	-3.456397	1.763489	-1.692907
4.915000	-3.466528	1.773581	-1.692948
4.920000	-3.476686	1.783703	-1.692983
4.925000	-3.486178	1.793164	-1.693014
4.930000	-3.494287	1.801223	-1.693064
4.935000	-3.500319	1.807232	-1.693087
4.940000	-3.503821	1.810721	-1.693100
4.945000	-3.504560	1.811452	-1.693108
4.950000	-3.502548	1.809471	-1.693078
4.955000	-3.498211	1.805162	-1.693049
4.960000	-3.492263	1.799303	-1.692959
4.965000	-3.485932	1.793052	-1.692880
4.970000	-3.480582	1.787775	-1.692807
4.975000	-3.477458	1.784697	-1.692761
4.980000	-3.477237	1.784461	-1.692776
4.985000	-3.479703	1.786838	-1.692865
4.990000	-3.483662	1.790681	-1.692981
4.995000	-3.487302	1.794203	-1.693098
