0.499995
0.49999
0.499985
0.49998
0.499975
0.49997
0.499965
0.49996
0.499955
0.49995
0.499945
0.499941
0.499936
0.499931
0.499926
0.499921
0.499917
0.499912
0.499907
0.499903
0.499898
0.499893
0.499889
0.499885
0.49988
0.499876
0.499872
0.499867
0.499863
0.499859
0.499855
0.499851
0.499847
0.499843
0.499839
0.499835
0.499832
0.499828
0.499824
0.499821
0.499817
0.499814
0.499811
0.499807
0.499804
0.499801
0.499798
0.499795
0.499793
0.49979
0.499787
0.499785
0.499782
0.49978
0.499777
0.499775
0.499773
0.499771
0.499769
0.499767
0.499766
0.499764
0.499762
0.499761
0.49976
0.499758
0.499757
0.499756
0.499755
0.499754
0.499754
0.499753
0.499753
0.499752
0.499752
0.499751
0.499751
0.499751
0.499751
0.499751
0.499752
0.499752
0.499752
0.499753
0.499753
0.499754
0.499755
0.499756
0.499756
0.499758
0.499759
0.49976
0.499761
0.499763
0.499764
0.499766
0.499768
0.49977
0.499772
0.499774
0.499776
0.499778
0.49978
0.499783
0.499785
0.499788
0.49979
0.499793
0.499796
0.499799
0.499802
0.499805
0.499808
0.499811
0.499815
0.499818
0.499821
0.499825
0.499829
0.499832
0.499836
0.49984
0.499844
0.499848
0.499852
0.499856
0.49986
0.499864
0.499868
0.499873
0.499877
0.499881
0.499886
0.49989
0.499895
0.499899
0.499904
0.499909
0.499913
0.499918
0.499923
0.499927
0.499932
0.499937
0.499942
0.499947
0.499951
0.499956
0.499961
0.499966
0.499971
0.499976
0.499981
0.499986
0.499991
0.499996
0.500001
0.500006
0.500011
0.500016
0.500021
0.500026
0.500031
0.500036
0.500041
0.500046
0.500051
0.500056
0.50006
0.500065
0.50007
0.500075
0.50008
0.500084
0.500089
0.500094
0.500098
0.500103
0.500107
0.500112
0.500116
0.500121
0.500125
0.500129
0.500134
0.500138
0.500142
0.500146
0.50015
0.500154
0.500158
0.500162
0.500166
0.50017
0.500173
0.500177
0.500181
0.500184
0.500187
0.500191
0.500194
0.500197
0.5002
0.500203
0.500206
0.500209
0.500211
0.500214
0.500217
0.500219
0.500222
0.500224
0.500226
0.500228
0.50023
0.500232
0.500234
0.500236
0.500238
0.500239
0.500241
0.500242
0.500243
0.500245
0.500246
0.500247
0.500248
0.500248
0.500249
0.50025
0.50025
0.500251
0.500251
0.500251
0.500251
0.500251
0.500251
0.500251
0.50025
0.50025
0.50025
0.500249
0.500248
0.500248
0.500247
0.500246
0.500245
0.500243
0.500242
0.500241
0.500239
0.500238
0.500236
0.500234
0.500232
0.500231
0.500229
0.500227
0.500224
0.500222
0.50022
0.500217
0.500215
0.500212
0.500209
0.500206
0.500203
0.5002
0.500197
0.500194
0.500191
0.500188
0.500184
0.500181
0.500177
0.500174
0.50017
0.500167
0.500163
0.500159
0.500155
0.500151
0.500147
0.500143
0.500139
0.500135
0.50013
0.500126
0.500122
0.500117
0.500113
0.500108
0.500104
0.500099
0.500094
0.50009
0.500085
0.50008
0.500076
0.500071
0.500066
0.500061
0.500056
0.500051
0.500046
0.500042
0.500037
0.500032
0.500027
0.500022
0.500017
0.500012
0.500007
0.500002
0.499997
0.499992
0.499987
0.499982
0.499977
0.499972
0.499967
0.499962
0.499957
0.499952
0.499947
0.499942
0.499937
0.499932
0.499928
0.499923
0.499918
0.499913
0.499909
0.499904
0.4999
0.499895
0.499891
0.499886
0.499882
0.499877
0.499873
0.499869
0.499865
0.49986
0.499856
0.499852
0.499848
0.499844
0.49984
0.499837
0.499833
0.499829
0.499826
0.499822
0.499819
0.499815
0.499812
0.499809
0.499805
0.499802
0.4998
0.499797
0.499794
0.499791
0.499788
0.499786
0.499783
0.499781
0.499779
0.499776
0.499774
0.499772
0.49977
0.499769
0.499767
0.499765
0.499764
0.499762
0.499761
0.499759
0.499758
0.499757
0.499756
0.499755
0.499754
0.499754
0.499753
0.499752
0.499752
0.499752
0.499751
0.499751
0.499751
0.499751
0.499752
0.499752
0.499752
0.499753
0.499753
0.499754
0.499755
0.499756
0.499757
0.499758
0.499759
0.49976
0.499762
0.499763
0.499765
0.499766
0.499768
0.49977
0.499772
0.499774
0.499776
0.499778
0.499781
0.499783
0.499785
0.499788
0.499791
0.499793
0.499796
0.499799
0.499802
0.499805
0.499808
0.499812
0.499815
0.499818
0.499822
0.499825
0.499829
0.499832
0.499836
0.49984
0.499844
0.499848
0.499852
0.499856
0.49986
0.499864
0.499868
0.499872
0.499876
0.499881
0.499885
0.49989
0.499894
0.499899
0.499903
0.499908
0.499913
0.499917
0.499922
0.499927
0.499932
0.499936
0.499941
0.499946
0.499951
0.499956
0.499961
0.499966
0.499971
0.499976
0.499981
0.499986
0.499991
0.499996
0.500001
0.500006
0.500011
0.500016
0.500021
0.500026
0.500031
0.500036
0.50004
0.500045
0.50005
0.500055
0.50006
0.500065
0.50007
0.500075
0.500079
0.500084
0.500089
0.500094
0.500098
0.500103
0.500107
0.500112
0.500116
0.500121
0.500125
0.500129
0.500134
0.500138
0.500142
0.500146
0.50015
0.500154
0.500158
0.500162
0.500166
0.500169
0.500173
0.500177
0.50018
0.500184
0.500187
0.50019
0.500194
0.500197
0.5002
0.500203
0.500206
0.500209
0.500211
0.500214
0.500217
0.500219
0.500221
0.500224
0.500226
0.500228
0.50023
0.500232
0.500234
0.500236
0.500237
0.500239
0.500241
0.500242
0.500243
0.500245
0.500246
0.500247
0.500248
0.500248
0.500249
0.50025
0.50025
0.500251
0.500251
0.500251
0.500251
0.500251
0.500251
0.500251
0.500251
0.50025
0.50025
0.500249
0.500249
0.500248
0.500247
0.500246
0.500245
0.500244
0.500243
0.500241
0.50024
0.500238
0.500237
0.500235
0.500233
0.500231
0.500229
0.500227
0.500225
0.500223
0.50022
0.500218
0.500215
0.500213
0.50021
0.500207
0.500204
0.500201
0.500198
0.500195
0.500192
0.500189
0.500185
0.500182
0.500178
0.500175
0.500171
0.500167
0.500164
0.50016
0.500156
0.500152
0.500148
0.500144
0.50014
0.500136
0.500131
0.500127
0.500123
0.500118
0.500114
0.500109
0.500105
0.5001
0.500095
0.500091
0.500086
0.500081
0.500077
0.500072
0.500067
0.500062
0.500057
0.500053
0.500048
0.500043
0.500038
0.500033
0.500028
0.500023
0.500018
0.500013
0.500008
0.500003
0.499998
0.499993
0.499988
0.499983
0.499978
0.499973
0.499968
0.499963
0.499958
0.499953
0.499949
0.499944
0.499939
0.499934
0.499929
0.499924
0.49992
0.499915
0.49991
0.499906
0.499901
0.499896
0.499892
0.499887
0.499883
0.499879
0.499874
0.49987
0.499866
0.499862
0.499858
0.499853
0.499849
0.499846
0.499842
0.499838
0.499834
0.49983
0.499827
0.499823
0.49982
0.499816
0.499813
0.49981
0.499807
0.499803
0.4998
0.499798
0.499795
0.499792
0.499789
0.499787
0.499784
0.499782
0.499779
0.499777
0.499775
0.499773
0.499771
0.499769
0.499767
0.499765
0.499764
0.499762
0.499761
0.499759
0.499758
0.499757
0.499756
0.499755
0.499754
0.499754
