-0.656891
-0.656892
-0.656891
-0.656889
-0.656886
-0.656882
-0.656877
-0.65687
-0.656862
-0.656853
-0.656842
-0.656831
-0.656818
-0.656804
-0.656789
-0.656773
-0.656755
-0.656737
-0.656717
-0.656696
-0.656673
-0.65665
-0.656625
-0.656599
-0.656572
-0.656543
-0.656514
-0.656483
-0.656451
-0.656417
-0.656383
-0.656347
-0.656311
-0.656273
-0.656233
-0.656193
-0.656151
-0.656108
-0.656064
-0.656019
-0.655972
-0.655925
-0.655876
-0.655826
-0.655774
-0.655722
-0.655668
-0.655613
-0.655557
-0.6555
-0.655441
-0.655381
-0.65532
-0.655258
-0.655195
-0.65513
-0.655064
-0.654998
-0.654929
-0.65486
-0.654789
-0.654717
-0.654644
-0.65457
-0.654495
-0.654418
-0.65434
-0.654261
-0.654181
-0.654099
-0.654016
-0.653933
-0.653848
-0.653761
-0.653674
-0.653585
-0.653495
-0.653404
-0.653312
-0.653218
-0.653124
-0.653027
-0.65293
-0.652832
-0.652732
-0.652632
-0.65253
-0.652427
-0.652322
-0.652216
-0.65211
-0.652002
-0.651892
-0.651782
-0.65167
-0.651557
-0.651444
-0.651328
-0.651212
-0.651094
-0.650975
-0.650855
-0.650734
-0.650611
-0.650488
-0.650363
-0.650237
-0.65011
-0.649981
-0.649851
-0.64972
-0.649588
-0.649455
-0.64932
-0.649185
-0.649048
-0.648909
-0.64877
-0.64863
-0.648488
-0.648345
-0.648201
-0.648055
-0.647909
-0.647761
-0.647612
-0.647462
-0.64731
-0.647158
-0.647004
-0.646848
-0.646692
-0.646535
-0.646376
-0.646216
-0.646055
-0.645893
-0.64573
-0.645565
-0.645399
-0.645232
-0.645063
-0.644894
-0.644723
-0.644551
-0.644378
-0.644204
-0.644029
-0.643852
-0.643674
-0.643495
-0.643314
-0.643133
-0.64295
-0.642766
-0.642581
-0.642394
-0.642207
-0.642018
-0.641828
-0.641637
-0.641444
-0.64125
-0.641056
-0.64086
-0.640662
-0.640464
-0.640264
-0.640063
-0.639861
-0.639658
-0.639454
-0.639248
-0.639041
-0.638833
-0.638624
-0.638413
-0.638201
-0.637989
-0.637774
-0.637559
-0.637343
-0.637125
-0.636906
-0.636686
-0.636464
-0.636242
-0.636018
-0.635793
-0.635567
-0.635339
-0.635111
-0.634881
-0.63465
-0.634418
-0.634184
-0.63395
-0.633714
-0.633477
-0.633239
-0.632999
-0.632758
-0.632517
-0.632274
-0.632029
-0.631784
-0.631537
-0.631289
-0.63104
-0.63079
-0.630538
-0.630286
-0.630032
-0.629777
-0.62952
-0.629263
-0.629004
-0.628744
-0.628483
-0.628221
-0.627957
-0.627692
-0.627426
-0.627159
-0.626891
-0.626621
-0.62635
-0.626078
-0.625805
-0.625531
-0.625255
-0.624978
-0.6247
-0.624421
-0.624141
-0.623859
-0.623576
-0.623292
-0.623007
-0.62272
-0.622433
-0.622144
-0.621854
-0.621562
-0.62127
-0.620976
-0.620681
-0.620385
-0.620088
-0.619789
-0.61949
-0.619189
-0.618887
-0.618583
-0.618279
-0.617973
-0.617666
-0.617358
-0.617048
-0.616738
-0.616426
-0.616113
-0.615799
-0.615484
-0.615167
-0.614849
-0.61453
-0.61421
-0.613888
-0.613566
-0.613242
-0.612917
-0.612591
-0.612263
-0.611935
-0.611605
-0.611274
-0.610941
-0.610608
-0.610273
-0.609937
-0.6096
-0.609262
-0.608922
-0.608582
-0.60824
-0.607897
-0.607552
-0.607207
-0.60686
-0.606512
-0.606163
-0.605813
-0.605461
-0.605108
-0.604754
-0.604399
-0.604043
-0.603685
-0.603327
-0.602967
-0.602605
-0.602243
-0.601879
-0.601515
-0.601148
-0.600781
-0.600413
-0.600043
-0.599672
-0.5993
-0.598927
-0.598553
-0.598177
-0.5978
-0.597422
-0.597043
-0.596662
-0.59628
-0.595898
-0.595513
-0.595128
-0.594742
-0.594354
-0.593965
-0.593575
-0.593184
-0.592791
-0.592397
-0.592002
-0.591606
-0.591209
-0.59081
-0.590411
-0.59001
-0.589608
-0.589204
-0.5888
-0.588394
-0.587987
-0.587579
-0.587169
-0.586759
-0.586347
-0.585934
-0.585519
-0.585104
-0.584687
-0.58427
-0.58385
-0.58343
-0.583009
-0.582586
-0.582162
-0.581737
-0.581311
-0.580884
-0.580455
-0.580025
-0.579594
-0.579162
-0.578728
-0.578293
-0.577857
-0.57742
-0.576982
-0.576542
-0.576101
-0.57566
-0.575216
-0.574772
-0.574327
-0.57388
-0.573432
-0.572983
-0.572532
-0.572081
-0.571628
-0.571174
-0.570719
-0.570262
-0.569805
-0.569346
-0.568886
-0.568425
-0.567962
-0.567499
-0.567034
-0.566568
-0.5661
-0.565632
-0.565162
-0.564691
-0.56422
-0.563746
-0.563272
-0.562796
-0.562319
-0.561841
-0.561362
-0.560881
-0.5604
-0.559917
-0.559433
-0.558947
-0.558461
-0.557973
-0.557484
-0.556994
-0.556503
-0.55601
-0.555516
-0.555021
-0.554525
-0.554028
-0.553529
-0.55303
-0.552528
-0.552026
-0.551523
-0.551018
-0.550512
-0.550006
-0.549497
-0.548988
-0.548477
-0.547965
-0.547452
-0.546938
-0.546423
-0.545906
-0.545388
-0.544869
-0.544349
-0.543827
-0.543305
-0.542781
-0.542256
-0.541729
-0.541202
-0.540673
-0.540143
-0.539612
-0.53908
-0.538547
-0.538012
-0.537476
-0.536939
-0.5364
-0.535861
-0.53532
-0.534778
-0.534235
-0.533691
-0.533145
-0.532598
-0.53205
-0.531501
-0.530951
-0.530399
-0.529846
-0.529292
-0.528737
-0.528181
-0.527623
-0.527064
-0.526504
-0.525943
-0.525381
-0.524817
-0.524252
-0.523686
-0.523119
-0.522551
-0.521981
-0.52141
-0.520838
-0.520265
-0.51969
-0.519115
-0.518538
-0.51796
-0.51738
-0.5168
-0.516218
-0.515635
-0.515051
-0.514466
-0.513879
-0.513292
-0.512703
-0.512113
-0.511521
-0.510929
-0.510335
-0.50974
-0.509144
-0.508546
-0.507948
-0.507348
-0.506747
-0.506145
-0.505541
-0.504937
-0.504331
-0.503724
-0.503116
-0.502507
-0.501896
-0.501284
-0.500671
-0.500057
-0.499442
-0.498825
-0.498207
-0.497588
-0.496968
-0.496346
-0.495724
-0.4951
-0.494475
-0.493848
-0.493221
-0.492592
-0.491962
-0.491331
-0.490699
-0.490066
-0.489431
-0.488795
-0.488158
-0.48752
-0.48688
-0.486239
-0.485597
-0.484954
-0.48431
-0.483664
-0.483018
-0.48237
-0.481721
-0.48107
-0.480419
-0.479766
-0.479112
-0.478457
-0.477801
-0.477143
-0.476484
-0.475824
-0.475163
-0.4745
-0.473837
-0.473172
-0.472506
-0.471839
-0.471171
-0.470501
-0.46983
-0.469158
-0.468485
-0.46781
-0.467135
-0.466458
-0.46578
-0.4651
-0.46442
-0.463738
-0.463055
-0.462371
-0.461686
-0.460999
-0.460312
-0.459623
-0.458933
-0.458242
-0.457549
-0.456855
-0.456161
-0.455464
-0.454767
-0.454069
-0.453369
-0.452668
-0.451966
-0.451263
-0.450558
-0.449852
-0.449145
-0.448437
-0.447728
-0.447017
-0.446305
-0.445592
-0.444878
-0.444163
-0.443446
-0.442729
-0.44201
-0.441289
-0.440568
-0.439845
-0.439121
-0.438397
-0.43767
-0.436943
-0.436214
-0.435484
-0.434753
-0.434021
-0.433288
-0.432553
-0.431817
-0.43108
-0.430342
-0.429602
-0.428862
-0.42812
-0.427377
-0.426632
-0.425887
-0.42514
-0.424392
-0.423643
-0.422893
-0.422141
-0.421389
-0.420635
-0.419879
-0.419123
-0.418366
-0.417607
-0.416847
-0.416086
-0.415323
-0.41456
-0.413795
-0.41303
-0.412262
-0.411494
-0.410724
-0.409954
-0.409182
-0.408408
-0.407634
-0.406858
-0.406082
-0.405304
-0.404524
-0.403744
-0.402962
-0.40218
-0.401396
-0.40061
-0.399824
-0.399036
-0.398247
-0.397458
-0.396666
-0.395874
-0.39508
-0.394285
-0.393489
-0.392692
-0.391893
-0.391094
-0.390293
-0.389491
-0.388688
-0.387883
-0.387077
-0.386271
-0.385462
-0.384653
-0.383843
-0.383031
-0.382218
-0.381404
-0.380588
-0.379772
-0.378954
-0.378135
-0.377315
-0.376494
-0.375671
-0.374848
-0.374023
-0.373197
-0.372369
-0.371541
-0.370711
-0.36988
-0.369048
-0.368214
-0.36738
-0.366544
-0.365707
-0.364869
-0.364029
-0.363189
-0.362347
-0.361504
-0.36066
-0.359814
-0.358968
-0.35812
-0.357271
-0.356421
-0.355569
-0.354717
-0.353863
-0.353008
-0.352152
-0.351294
-0.350435
-0.349576
-0.348714
-0.347852
-0.346989
-0.346124
-0.345258
-0.344391
-0.343523
-0.342653
-0.341783
-0.340911
-0.340037
-0.339163
-0.338288
-0.337411
-0.336533
-0.335654
-0.334774
-0.333892
-0.33301
-0.332126
-0.331241
-0.330354
-0.329467
-0.328578
-0.327688
-0.326797
-0.325905
-0.325011
-0.324116
-0.32322
-0.322323
-0.321425
-0.320525
-0.319624
-0.318722
-0.317819
-0.316915
-0.316009
-0.315102
-0.314194
-0.313285
-0.312375
-0.311463
-0.31055
-0.309636
-0.308721
-0.307805
-0.306887
-0.305968
-0.305048
-0.304127
-0.303205
-0.302281
-0.301356
-0.30043
-0.299503
-0.298574
-0.297644
-0.296714
-0.295781
-0.294848
-0.293914
-0.292978
-0.292041
-0.291103
-0.290164
-0.289223
-0.288282
-0.287339
-0.286394
-0.285449
-0.284503
-0.283555
-0.282606
-0.281656
-0.280705
-0.279752
-0.278798
-0.277843
-0.276887
-0.27593
-0.274972
-0.274012
-0.273051
-0.272089
-0.271125
-0.270161
-0.269195
-0.268228
-0.26726
-0.26629
-0.26532
-0.264348
-0.263375
-0.262401
-0.261426
-0.260449
-0.259471
-0.258492
-0.257512
-0.25653
-0.255548
-0.254564
-0.253579
-0.252593
-0.251605
-0.250617
-0.249627
-0.248636
-0.247643
-0.24665
-0.245655
-0.244659
-0.243662
-0.242664
-0.241665
-0.240664
-0.239662
-0.238659
-0.237655
-0.236649
-0.235643
-0.234635
-0.233626
-0.232615
-0.231604
-0.230591
-0.229577
-0.228562
-0.227546
-0.226528
-0.22551
-0.22449
-0.223469
-0.222446
-0.221423
-0.220398
-0.219372
-0.218345
-0.217317
-0.216287
-0.215256
-0.214225
-0.213191
-0.212157
-0.211122
-0.210085
-0.209047
-0.208008
-0.206967
-0.205926
-0.204883
-0.203839
-0.202794
-0.201747
-0.2007
-0.199651
-0.198601
-0.197549
-0.196497
-0.195444
-0.194389
-0.193333
-0.192275
-0.191217
-0.190157
-0.189096
-0.188035
-0.186971
-0.185907
-0.184841
-0.183774
-0.182706
-0.181637
-0.180567
-0.179495
-0.178422
-0.177348
-0.176273
-0.175196
-0.17298
-0.171901
-0.170821
-0.16974
-0.168658
-0.167574
-0.166489
-0.165403
-0.164316
-0.163228
-0.162138
-0.161047
-0.159955
-0.158862
-0.157768
-0.156672
-0.155575
-0.154477
-0.153378
-0.152277
-0.151176
-0.150073
-0.148969
-0.147863
-0.146757
-0.145649
-0.14454
-0.14343
-0.142319
-0.141207
-0.140093
-0.138978
-0.137862
-0.136744
-0.135626
-0.134506
-0.133385
-0.132263
-0.13114
-0.130015
-0.12889
-0.127763
-0.126635
-0.125505
-0.124375
-0.123243
-0.12211
-0.120976
-0.11984
-0.118704
-0.117566
-0.116427
-0.115287
-0.114146
-0.113003
-0.111859
-0.110714
-0.109568
-0.108421
-0.107273
-0.106123
-0.104972
-0.10382
-0.102667
-0.101512
-0.100356
-0.0991993
-0.0980413
-0.096882
-0.0957214
-0.0945596
-0.0933967
-0.0922325
-0.0910671
-0.0899006
-0.0887328
-0.0875639
-0.0863937
-0.0852222
-0.0840497
-0.0828759
-0.0817008
-0.0805247
-0.0793472
-0.0781687
-0.0769889
-0.0758078
-0.0746258
-0.0734423
-0.0722576
-0.0710719
-0.0698848
-0.0686965
-0.0675069
-0.0663164
-0.0651247
-0.0639315
-0.0627373
-0.0615418
-0.0603451
-0.0591474
-0.0579482
-0.0567479
-0.0555464
