0.499988
0.499951
0.499891
0.49981
0.499712
0.499601
0.499481
0.499356
0.499233
0.499114
0.499007
0.498914
0.498839
0.498786
0.498756
0.498751
0.498771
0.498815
0.498881
0.498967
0.49907
0.499184
0.499306
0.499431
0.499553
0.499669
0.499773
0.49986
0.499929
0.499975
0.499998
0.499995
0.499968
0.499917
0.499845
0.499754
0.499647
0.49953
0.499406
0.499282
0.499161
0.499048
0.498949
0.498867
0.498805
0.498765
0.49875
0.49876
0.498794
0.498852
0.498931
0.499027
0.499137
0.499256
0.499381
0.499505
0.499624
0.499733
0.499828
0.499904
0.49996
0.499992
0.5
0.499982
0.499941
0.499877
0.499793
0.499692
0.499579
0.499457
0.499457
0.499457
0.499457
