0.499504
0.499027
0.49859
0.49821
0.497902
0.497678
0.497546
0.497514
0.49758
0.497744
0.497998
0.498333
0.498734
0.499187
0.499672
0.500171
0.500663
0.50113
0.501552
0.501913
0.502198
0.502395
0.502498
0.502502
0.502406
0.502215
0.501936
0.501581
0.501163
0.500699
0.500208
0.499709
0.499222
0.498766
0.49836
0.49802
0.49776
0.497589
0.497515
0.497541
0.497665
0.497882
0.498185
0.49856
0.498993
0.499467
0.499963
0.50046
0.50094
0.501383
0.501771
0.502089
0.502324
0.502467
0.502512
0.502458
0.502306
0.502062
0.501737
0.501343
0.500896
0.500414
0.499916
0.499421
0.49895
0.498522
0.498153
0.497858
0.497649
0.497534
