0.499999
0.499999
0.499999
0.499999
0.499999
0.499999
0.499999
0.499999
0.499998
0.499998
0.499998
0.499998
0.499998
0.499998
0.499998
0.499998
0.499998
0.499997
0.499997
0.499997
0.499997
0.499997
0.499997
0.499997
0.499997
0.499997
0.499997
0.499996
0.499996
0.499996
0.499996
0.499996
0.499996
0.499996
0.499996
0.499995
0.499995
0.499995
0.499995
0.499995
0.499995
0.499995
0.499995
0.499995
0.499994
0.499994
0.499994
0.499994
0.499994
0.499994
0.499994
0.499994
0.499993
0.499993
0.499993
0.499993
0.499993
0.499993
0.499993
0.499993
0.499992
0.499992
0.499992
0.499992
0.499992
0.499992
0.499992
0.499992
