0.500013
0.500025
0.500037
0.50005
0.500062
0.500075
0.500087
0.5001
0.500113
0.500125
0.500138
0.50015
0.500163
0.500175
0.500188
0.5002
0.500213
0.500225
0.500238
0.50025
0.500263
0.500275
0.500288
0.5003
0.500313
0.500325
0.500338
0.50035
0.500363
0.500375
0.500388
0.5004
0.500413
0.500425
0.500438
0.50045
0.500463
0.500475
0.500488
0.5005
0.500513
0.500525
0.500538
0.50055
0.500563
0.500575
0.500588
0.5006
0.500613
0.500625
0.500638
0.500651
0.500663
0.500675
0.500688
0.5007
0.500713
0.500726
0.500738
0.500751
0.500763
0.500776
0.500788
0.500801
0.500813
0.500826
0.500838
0.500851
0.500863
0.500876
