-0.656889
-0.656889
-0.656889
-0.656889
-0.656888
-0.656887
-0.656887
-0.656886
-0.656885
-0.656884
-0.656883
-0.656882
-0.65688
-0.656879
-0.656878
-0.656876
-0.656874
-0.656873
-0.65687
-0.656869
-0.656866
-0.656864
-0.656862
-0.656859
-0.656856
-0.656854
-0.656851
-0.656848
-0.656845
-0.655711
-0.655721
-0.65573
-0.65574
-0.655751
-0.655761
-0.655772
-0.655783
-0.655794
-0.655806
-0.655817
-0.65583
-0.655842
-0.655854
-0.655867
-0.65588
-0.655894
-0.655907
-0.655921
-0.655934
-0.655948
-0.655963
-0.655977
-0.655992
-0.656006
-0.656021
-0.656036
-0.656051
-0.656067
-0.656082
-0.656098
-0.656114
-0.65613
-0.656146
-0.656162
-0.656178
-0.656194
-0.656211
-0.656227
-0.656244
-0.65626
-0.656277
-0.656293
-0.65631
-0.656327
-0.656344
-0.656361
-0.656378
-0.656395
-0.656412
-0.656429
-0.656446
-0.656463
-0.65648
-0.656497
-0.656514
-0.656531
-0.656548
-0.656564
-0.656581
-0.656597
-0.656613
-0.656629
-0.656645
-0.656661
-0.656677
-0.656693
-0.656708
-0.656723
-0.656738
-0.656753
-0.656767
-0.656781
-0.656795
-0.656809
-0.656823
-0.656836
-0.656849
-0.656861
-0.656874
-0.656886
-0.656897
-0.656908
-0.656919
-0.656929
-0.656939
-0.656949
-0.656958
-0.656967
-0.656975
-0.656983
-0.65699
-0.656997
-0.657004
-0.65701
-0.657015
-0.65702
-0.657024
-0.657027
-0.657031
-0.657033
-0.657035
-0.657036
-0.657037
-0.657036
-0.657036
-0.657034
-0.657032
-0.657029
-0.657025
-0.657021
-0.657016
-0.65701
-0.657003
-0.656996
-0.656987
-0.656978
-0.656968
-0.656957
-0.656945
-0.655542
-0.655595
-0.655647
-0.655699
-0.65575
-0.655801
-0.65585
-0.655899
-0.655947
-0.655995
-0.656042
-0.656088
-0.656133
-0.656177
-0.656221
-0.656263
-0.656305
-0.656346
-0.656386
-0.656425
-0.656463
-0.656501
-0.656537
-0.656572
-0.656606
-0.656639
-0.656671
-0.656701
-0.656731
-0.65676
-0.656788
-0.656814
-0.656839
-0.656862
-0.656885
-0.656906
-0.656926
-0.656945
-0.656962
-0.656978
-0.656993
-0.657006
-0.657018
-0.657028
-0.657037
-0.657045
-0.65705
-0.657055
-0.657058
-0.657059
-0.657059
-0.657057
-0.657053
-0.657048
-0.657041
-0.657032
-0.657022
-0.65701
-0.656996
-0.656981
-0.655594
-0.655669
-0.655743
-0.655814
-0.655884
-0.655952
-0.656019
-0.656084
-0.656146
-0.656207
-0.656267
-0.656324
-0.65638
-0.656433
-0.656484
-0.656534
-0.656581
-0.656627
-0.65667
-0.656711
-0.65675
-0.656787
-0.656822
-0.656854
-0.656885
-0.656913
-0.656939
-0.656962
-0.656983
-0.657002
-0.657019
-0.657033
-0.657044
-0.657053
-0.65706
-0.657064
-0.657066
-0.657065
-0.657062
-0.657056
-0.657048
-0.657037
-0.657023
-0.657007
-0.656989
-0.656967
-0.656943
-0.655907
-0.655988
-0.656067
-0.656143
-0.656217
-0.656287
-0.656354
-0.656419
-0.65648
-0.656539
-0.656595
-0.656647
-0.656696
-0.656743
-0.656786
-0.656826
-0.656863
-0.656897
-0.656928
-0.656956
-0.65698
-0.657001
-0.657019
-0.657034
-0.657046
-0.657054
-0.657059
-0.657061
-0.657059
-0.657055
-0.657046
-0.657035
-0.65702
-0.657002
-0.65698
-0.656956
-0.656928
-0.656896
-0.656862
-0.656824
-0.656351
-0.656422
-0.656489
-0.656552
-0.656611
-0.656666
-0.656718
-0.656765
-0.656809
-0.65685
-0.656886
-0.656919
-0.656947
-0.656972
-0.656994
-0.657011
-0.657025
-0.657035
-0.657041
-0.657044
-0.657043
-0.657039
-0.65703
-0.657018
-0.657003
-0.656984
-0.656961
-0.656936
-0.656906
-0.656874
-0.656838
-0.656799
-0.656757
-0.656711
-0.656662
-0.656611
-0.656556
-0.656807
-0.656845
-0.65688
-0.65691
-0.656936
-0.656959
-0.656977
-0.656992
-0.657004
-0.657011
-0.657015
-0.657016
-0.657014
-0.657008
-0.656999
-0.656987
-0.656971
-0.656953
-0.656932
-0.656908
-0.656882
-0.656853
-0.656821
-0.656787
-0.656751
-0.656713
-0.656673
-0.656631
-0.656587
-0.656541
-0.656494
-0.656445
-0.656395
-0.656345
-0.655917
-0.65599
-0.656057
-0.65612
-0.656178
-0.656231
-0.656281
-0.656326
-0.656367
-0.656404
-0.656438
-0.656468
-0.656495
-0.656518
-0.656539
-0.656557
-0.656572
-0.656585
-0.656595
-0.656604
-0.656611
-0.656616
-0.65662
-0.656622
-0.656624
-0.656625
-0.656625
-0.656625
-0.656625
-0.656625
-0.656626
-0.656627
-0.65663
-0.656714
-0.656701
-0.656688
-0.656673
-0.656657
-0.656641
-0.656624
-0.656607
-0.65659
-0.656573
-0.656557
-0.656542
-0.656529
-0.656517
-0.656506
-0.656498
-0.656493
-0.65649
-0.656489
-0.656493
-0.6565
-0.65651
-0.656525
-0.656544
-0.656568
-0.656596
-0.65663
-0.65667
-0.656715
-0.656766
-0.656824
-0.656888
-0.656959
-0.657037
-0.657122
-0.658878
-0.6587
-0.658523
-0.658347
-0.658174
-0.658003
-0.657835
-0.65767
-0.657508
-0.65735
-0.657196
-0.657047
-0.656902
-0.656763
-0.656629
-0.6565
-0.656377
-0.656261
-0.656151
-0.656048
-0.655952
-0.655862
-0.655781
-0.655707
-0.65564
-0.655582
-0.655532
-0.65549
-0.655457
-0.655432
-0.655415
-0.655408
-0.655409
-0.655419
-0.655438
-0.655467
-0.655504
-0.65555
-0.655606
-0.65567
-0.655743
-0.665674
-0.665229
-0.66479
-0.66436
-0.663937
-0.663523
-0.663116
-0.662719
-0.662329
-0.661948
-0.661575
-0.661212
-0.660857
-0.660512
-0.660176
-0.65985
-0.659533
-0.659225
-0.658926
-0.658637
-0.658357
-0.658087
-0.657826
-0.657574
-0.657331
-0.657097
-0.656872
-0.656655
-0.656447
-0.656248
-0.656057
-0.655875
-0.655701
-0.655535
-0.655377
-0.655225
-0.655081
-0.654943
-0.654815
-0.654692
-0.654576
-0.654467
-0.654364
-0.654266
-0.654174
-0.654089
-0.654009
-0.653933
-0.653864
-0.653798
-0.653739
-0.653683
-0.653631
-0.653585
-0.653541
-0.653502
-0.653466
-0.653436
-0.653409
-0.653384
-0.653363
-0.653345
-0.653331
-0.653319
-0.653311
-0.653306
-0.653304
-0.653305
-0.653309
-0.653317
-0.653328
-0.653342
-0.65336
-0.653381
-0.653405
-0.653434
-0.653466
-0.6535
-0.65354
-0.653583
-0.653631
-0.653682
-0.653737
-0.653799
-0.653864
-0.653934
-0.654009
-0.65409
-0.654176
-0.654268
-0.654365
-0.654469
-0.65458
-0.654696
-0.654819
-0.654949
-0.655087
-0.655231
-0.655383
-0.655543
-0.655709
-0.655885
-0.656068
-0.656259
-0.656459
-0.656669
-0.656885
-0.657111
-0.657346
-0.65759
-0.657843
-0.658105
-0.658376
-0.658657
-0.658947
-0.659247
-0.659555
-0.659873
-0.660201
-0.660537
-0.660884
-0.661239
-0.661603
-0.661976
-0.662358
-0.662748
-0.663147
-0.663555
-0.663972
-0.664395
-0.664826
-0.665265
-0.665711
-0.655741
-0.655668
-0.655604
-0.655551
-0.655505
-0.65547
-0.655442
-0.655424
-0.655415
-0.655414
-0.655423
-0.65544
-0.655466
-0.6555
-0.655543
-0.655595
-0.655654
-0.655722
-0.655797
-0.65588
-0.65597
-0.656067
-0.656171
-0.656281
-0.656399
-0.656522
-0.656652
-0.656786
-0.656926
-0.657072
-0.657222
-0.657376
-0.657534
-0.657697
-0.657862
-0.65803
-0.658201
-0.658375
-0.65855
-0.658727
-0.658906
-0.657126
-0.657042
-0.656965
-0.656895
-0.656832
-0.656775
-0.656724
-0.656679
-0.656641
-0.656607
-0.656579
-0.656556
-0.656537
-0.656523
-0.656513
-0.656506
-0.656503
-0.656504
-0.656507
-0.656513
-0.656522
-0.656532
-0.656544
-0.656558
-0.656573
-0.656589
-0.656606
-0.656623
-0.65664
-0.656657
-0.656673
-0.656689
-0.656703
-0.656717
-0.656729
-0.656645
-0.656643
-0.656642
-0.656642
-0.656641
-0.656641
-0.656641
-0.656641
-0.65664
-0.656638
-0.656635
-0.656632
-0.656626
-0.656619
-0.65661
-0.6566
-0.656587
-0.656571
-0.656553
-0.656532
-0.656508
-0.656481
-0.656451
-0.656417
-0.656379
-0.656337
-0.656292
-0.656242
-0.656188
-0.656129
-0.656066
-0.655998
-0.655925
-0.656368
-0.656419
-0.656468
-0.656517
-0.656564
-0.656609
-0.656653
-0.656695
-0.656735
-0.656773
-0.656808
-0.656842
-0.656873
-0.656902
-0.656928
-0.656952
-0.656972
-0.65699
-0.657005
-0.657017
-0.657025
-0.657031
-0.657033
-0.657032
-0.657027
-0.657019
-0.657008
-0.656992
-0.656973
-0.65695
-0.656923
-0.656893
-0.656858
-0.656819
-0.656578
-0.656633
-0.656684
-0.656733
-0.656778
-0.65682
-0.656859
-0.656894
-0.656926
-0.656955
-0.656981
-0.657003
-0.657021
-0.657036
-0.657047
-0.657055
-0.657059
-0.657059
-0.657057
-0.65705
-0.65704
-0.657026
-0.657008
-0.656986
-0.656961
-0.656932
-0.656899
-0.656862
-0.656822
-0.656778
-0.65673
-0.656678
-0.656622
-0.656562
-0.656499
-0.656432
-0.656361
-0.656845
-0.656883
-0.656917
-0.656947
-0.656975
-0.656999
-0.65702
-0.657037
-0.657052
-0.657063
-0.65707
-0.657075
-0.657076
-0.657074
-0.657069
-0.657061
-0.657049
-0.657034
-0.657016
-0.656994
-0.65697
-0.656942
-0.656911
-0.656877
-0.65684
-0.656799
-0.656756
-0.656709
-0.65666
-0.656607
-0.656551
-0.656493
-0.656431
-0.656366
-0.656298
-0.656228
-0.656155
-0.656078
-0.655999
-0.655917
-0.656964
-0.656989
-0.65701
-0.657028
-0.657044
-0.657057
-0.657068
-0.657076
-0.657081
-0.657084
-0.657084
-0.657082
-0.657078
-0.657071
-0.657061
-0.657049
-0.657035
-0.657018
-0.656999
-0.656977
-0.656953
-0.656927
-0.656899
-0.656868
-0.656835
-0.6568
-0.656763
-0.656724
-0.656683
-0.656639
-0.656594
-0.656546
-0.656496
-0.656444
-0.656391
-0.656335
-0.656278
-0.656218
-0.656157
-0.656094
-0.656029
-0.655962
-0.655894
-0.655824
-0.655752
-0.655678
-0.655602
-0.656999
-0.657014
-0.657028
-0.65704
-0.65705
-0.657058
-0.657065
-0.65707
-0.657074
-0.657075
-0.657075
-0.657074
-0.657071
-0.657066
-0.65706
-0.657052
-0.657043
-0.657032
-0.65702
-0.657007
-0.656992
-0.656976
-0.656958
-0.656939
-0.656919
-0.656897
-0.656875
-0.656851
-0.656825
-0.656799
-0.656772
-0.656743
-0.656714
-0.656683
-0.656651
-0.656617
-0.656583
-0.656548
-0.656512
-0.656475
-0.656437
-0.656398
-0.656357
-0.656317
-0.656275
-0.656232
-0.656189
-0.656144
-0.656099
-0.656053
-0.656007
-0.655959
-0.655911
-0.655862
-0.655813
-0.655762
-0.655711
-0.65566
-0.655607
-0.655555
-0.656964
-0.656976
-0.656986
-0.656997
-0.657006
-0.657014
-0.657022
-0.657029
-0.657035
-0.65704
-0.657044
-0.657048
-0.657051
-0.657053
-0.657055
-0.657056
-0.657056
-0.657055
-0.657054
-0.657053
-0.65705
-0.657047
-0.657044
-0.65704
-0.657035
-0.65703
-0.657024
-0.657018
-0.657011
-0.657004
-0.656996
-0.656988
-0.65698
-0.656971
-0.656961
-0.656951
-0.656941
-0.65693
-0.656919
-0.656908
-0.656896
-0.656884
-0.656872
-0.656859
-0.656846
-0.656833
-0.656819
-0.656806
-0.656792
-0.656777
-0.656763
-0.656748
-0.656733
-0.656718
-0.656703
-0.656687
-0.656672
-0.656656
-0.65664
-0.656624
-0.656608
-0.656592
-0.656575
-0.656559
