0.49505
0.490348
0.48608
0.482418
0.479508
0.477465
0.476371
0.47627
0.477166
0.479023
0.481767
0.485289
0.489447
0.494077
0.498993
0.503998
0.508895
0.513487
0.51759
0.521042
0.523704
0.52547
0.52627
0.526072
0.524883
0.522752
0.519763
0.516035
0.511718
0.506983
0.502019
0.497025
0.4922
0.487735
0.48381
0.480581
0.478177
0.476694
0.47619
0.476687
0.478164
0.480561
0.483785
0.487705
0.492167
0.49699
0.501984
0.506948
0.511686
0.516007
0.519739
0.522734
0.524871
0.526067
0.526272
0.525479
0.523719
0.521063
0.517617
0.513517
0.508929
0.504034
0.499028
0.494111
0.489478
0.485316
0.48179
0.47904
0.477176
0.476273
